40.0
60.0
68.0
69.0
69.0
69.0
69.0
69.0
69.0
69.0
69.0
69.0
46.0
46.0
46.0
46.0
46.0
46.0
46.0
46.0
34.5
34.5
34.5
34.5
34.5
34.5
34.5
34.5
34.5
27.6
27.6
27.6
27.6
27.6
27.6
27.6
23.0
23.0
23.0
23.0
23.0
23.0
23.0
23.0
19.7
19.7
19.7
19.7
19.7
19.7
19.7
19.7
17.2
17.2
17.2
17.2
17.2
17.2
17.2
17.2
15.3
15.3
15.3
15.3
15.3
15.3
15.3
15.3
13.8
13.8
13.8
13.8
13.8
13.8
13.8
12.5
12.5
12.5
12.5
12.5
12.5
12.5
12.5
11.5
11.5
11.5
11.5
11.5
11.5
11.5
11.5
10.6
10.6
10.6
10.6
10.6
10.6
10.6
10.6
9.8
9.8
9.8
9.8
9.8
9.8
9.8
9.2
9.2
9.2
9.2
9.2
9.2
9.2
9.2
8.6
8.6
8.6
8.6
8.6
8.6
8.6
8.6
8.1
8.1
8.1
8.1
8.1
8.1
8.1
8.1
7.6
7.6
7.6
7.6
7.6
7.6
7.6
7.6
7.2
7.2
7.2
7.2
7.2
7.2
7.2
7.2
6.9
6.9
6.9
6.9
6.9
6.9
6.9
6.9
6.5
6.5
6.5
6.5
6.5
6.5
6.5
6.2
6.2
6.2
6.2
6.2
6.2
6.2
6.2
6.0
6.0
6.0
6.0
6.0
6.0
6.0
6.0
5.7
5.7
5.7
5.7
5.7
5.7
5.7
5.7
5.7
5.5
5.5
5.5
5.5
5.5
5.5
5.5
5.5
5.5
5.3
5.3
5.3
5.3
5.3
5.3
5.3
5.3
5.1
5.1
5.1
5.1
5.1
5.1
5.1
5.1
4.9
4.9
4.9
4.9
4.9
4.9
4.9
4.9
4.9
4.7
4.7
4.7
4.7
4.7
4.7
4.7
4.7
4.7
4.6
4.6
4.6
4.6
4.6
4.6
4.6
4.6
4.6
4.4
4.4
4.4
4.4
4.4
4.4
4.4
4.4
4.4
4.4
4.3
4.5
4.9
5.0
5.3
5.6
6.0
6.2
6.3
6.5
6.6
6.8
7.0
7.2
7.4
7.6
7.8
7.7
7.9
8.2
8.6
8.9
9.2
9.5
9.7
9.7
10.0
10.2
10.5
10.8
11.0
11.3
11.5
11.8
11.7
11.9
12.1
12.3
12.5
12.9
13.2
13.5
13.5
13.8
14.1
14.2
14.4
14.6
14.8
14.9
14.8
15.2
15.5
15.7
16.0
16.3
16.6
16.8
17.1
16.9
17.2
17.5
17.8
18.1
18.4
18.7
19.0
19.0
19.0
18.5
18.5
18.5
18.5
18.5
18.5
18.5
18.5
18.5
18.0
18.0
18.0
18.0
18.0
18.0
18.0
18.0
18.0
17.6
17.6
17.6
17.6
17.6
17.6
17.6
17.6
17.6
17.2
17.2
17.2
17.2
17.2
17.2
17.2
17.2
16.8
16.8
16.8
16.8
16.8
16.8
16.8
16.8
16.4
16.4
16.4
16.4
16.4
16.4
16.4
16.4
16.1
16.1
16.1
16.1
16.1
16.1
16.1
16.1
16.1
15.7
15.7
15.7
15.7
15.7
15.7
15.7
15.4
15.4
15.4
15.4
15.4
15.4
15.4
15.4
15.1
15.1
15.1
15.1
15.1
15.1
15.1
15.1
14.8
14.8
14.8
14.8
14.8
14.8
14.8
14.8
14.5
14.5
14.5
14.5
14.5
14.5
14.5
14.2
14.2
14.2