72.5
73.0
73.0
48.6
48.6
48.6
48.6
48.6
48.6
48.6
48.6
48.6
48.6
36.5
36.5
36.5
36.5
36.5
36.5
36.5
36.5
29.2
29.2
29.2
29.2
29.2
29.2
29.2
29.2
24.3
24.3
24.3
24.3
24.3
24.3
24.3
24.3
20.8
20.8
20.8
20.8
20.8
20.8
20.8
20.8
18.2
18.2
18.2
18.2
18.2
18.2
18.2
18.2
16.2
16.2
16.2
16.2
16.2
16.2
16.2
16.2
14.6
14.6
14.6
14.6
14.6
14.6
14.6
14.6
13.2
13.2
13.2
13.2
13.2
13.2
13.2
12.1
12.1
12.1
12.1
12.1
12.1
12.1
12.1
11.2
11.2
11.2
11.2
11.2
11.2
11.2
11.2
10.4
10.4
10.4
10.4
10.4
10.4
10.4
10.4
9.7
9.7
9.7
9.7
9.7
9.7
9.7
9.1
9.1
9.1
9.1
9.1
9.1
9.1
9.1
8.5
8.5
8.5
8.5
8.5
8.5
8.5
8.5
8.1
8.1
8.1
8.1
8.1
8.1
8.1
8.1
7.6
7.6
7.6
7.6
7.6
7.6
7.6
7.6
7.3
7.3
7.3
7.3
7.3
7.3
7.3
7.3
6.9
6.9
6.9
6.9
6.9
6.9
6.9
6.9
6.6
6.6
6.6
6.6
6.6
6.6
6.6
6.3
6.3
6.3
6.3
6.3
6.3
6.3
6.3
6.3
6.0
6.0
6.0
6.0
6.0
6.0
6.0
6.0
5.8
5.8
5.8
5.8
5.8
5.8
5.8
5.8
5.8
5.6
5.6
5.6
5.6
5.6
5.6
5.6
5.6
5.4
5.4
5.4
5.4
5.4
5.4
5.4
5.4
5.2
5.2
5.2
5.2
5.2
5.2
5.2
5.2
5.0
5.0
5.0
5.0
5.0
5.0
5.0
5.0
5.0
4.8
4.8
4.8
4.8
4.8
4.8
4.8
4.8
4.8
4.7
4.7
4.7
4.7
4.7
4.7
4.7
4.7
4.7
4.5
4.5
4.5
4.5
4.5
4.5
4.5
4.6
5.0
5.3
5.5
5.7
6.0
6.1
6.3
6.4
6.6
6.8
6.8
7.0
7.2
7.3
7.5
7.7
7.9
8.0
8.2
8.5
8.8
9.0
9.2
9.4
9.6
9.8
10.0
9.8
10.0
10.2
10.3
10.5
10.6
10.9
11.2
11.1
11.2
11.4
11.6
11.7
11.9
12.1
12.2
12.3
12.2
12.3
12.6
12.7
13.0
13.1
13.3
13.5
13.3
13.6
13.9
14.2
14.4
14.6
14.8
15.1
15.4
15.3
15.6
15.9
16.2
16.4
16.7
17.0
17.4
17.8
17.7
18.0
18.1
18.1
18.1
18.1
18.1
18.1
18.1
17.7
17.7
17.7
17.7
17.7
17.7
17.7
17.7
17.7
17.3
17.3
17.3
17.3
17.3
17.3
17.3
17.3
17.3
16.9
16.9
16.9
16.9
16.9
16.9
16.9
16.9
16.5
16.5
16.5
16.5
16.5
16.5
16.5
16.5
16.1
16.1
16.1
16.1
16.1
16.1
16.1
16.1
15.8
15.8
15.8
15.8
15.8
15.8
15.8
15.8
15.5
15.5
15.5
15.5
15.5
15.5
15.5
15.2
15.2
15.2
15.2
15.2
15.2
15.2
15.2
14.9
14.9
14.9
14.9
14.9
14.9
14.9
14.9
14.6
14.6
14.6
14.6
14.6
14.6
14.6
14.6
14.3
14.3
14.3
14.3
14.3
14.3
14.3
14.0
14.0
14.0
14.0
14.0