48.3
48.3
48.3
48.3
48.3
48.3
48.3
48.3
48.3
36.2
36.2
36.2
36.2
36.2
36.2
36.2
36.2
36.2
29.0
29.0
29.0
29.0
29.0
29.0
29.0
29.0
29.0
24.1
24.1
24.1
24.1
24.1
24.1
24.1
24.1
24.1
20.7
20.7
20.7
20.7
20.7
20.7
20.7
18.1
18.1
18.1
18.1
18.1
18.1
18.1
18.1
16.1
16.1
16.1
16.1
16.1
16.1
16.1
16.1
14.5
14.5
14.5
14.5
14.5
14.5
14.5
14.5
13.1
13.1
13.1
13.1
13.1
13.1
13.1
13.1
12.0
12.0
12.0
12.0
12.0
12.0
12.0
11.1
11.1
11.1
11.1
11.1
11.1
11.1
11.1
10.3
10.3
10.3
10.3
10.3
10.3
10.3
10.3
9.6
9.6
9.6
9.6
9.6
9.6
9.6
9.6
9.0
9.0
9.0
9.0
9.0
9.0
9.0
8.5
8.5
8.5
8.5
8.5
8.5
8.5
8.5
8.0
8.0
8.0
8.0
8.0
8.0
8.0
8.0
7.6
7.6
7.6
7.6
7.6
7.6
7.6
7.6
7.2
7.2
7.2
7.2
7.2
7.2
7.2
7.2
6.9
6.9
6.9
6.9
6.9
6.9
6.9
6.9
6.9
6.5
6.5
6.5
6.5
6.5
6.5
6.5
6.5
6.3
6.3
6.3
6.3
6.3
6.3
6.3
6.0
6.0
6.0
6.0
6.0
6.0
6.0
6.0
5.8
5.8
5.8
5.8
5.8
5.8
5.8
5.8
5.5
5.5
5.5
5.5
5.5
5.5
5.5
5.5
5.5
5.3
5.3
5.3
5.3
5.3
5.3
5.3
5.3
5.3
5.1
5.1
5.1
5.1
5.1
5.1
5.1
5.1
5.0
5.0
5.0
5.0
5.0
5.0
5.0
5.0
4.8
4.8
4.8
4.8
4.8
4.8
4.8
4.8
4.8
4.6
4.6
4.6
4.6
4.6
4.6
4.6
4.6
4.6
4.7
5.0
5.3
5.6
6.1
6.6
7.1
7.5
8.0
8.1
8.5
8.9
9.2
9.5
9.8
10.1
10.3
10.6
10.5
10.8
11.0
11.3
11.6
12.0
12.3
12.5
12.8
12.8
13.0
13.3
13.6
13.8
14.1
14.4
14.8
14.5
14.7
14.8
15.0
15.2
15.4
15.5
15.7
15.9
15.6
15.8
15.9
16.1
16.3
16.5
16.7
16.8
16.5
16.7
16.9
17.1
17.3
17.5
17.6
17.7
17.9
17.7
17.8
18.0
18.2
18.4
18.7
18.8
19.0
18.6
18.6
18.6
18.6
18.6
18.6
18.6
18.6
18.6
18.1
18.1
18.1
18.1
18.1
18.1
18.1
18.1
18.1
18.1
17.7
17.7
17.7
17.7
17.7
17.7
17.7
17.7
17.7
17.3
17.3
17.3
17.3
17.3
17.3
17.3
17.3
17.3
16.9
16.9
16.9
16.9
16.9
16.9
16.9
16.9
16.9
16.5
16.5
16.5
16.5
16.5
16.5
16.5
16.5
16.1
16.1
16.1
16.1
16.1
16.1
16.1
16.1
15.8
15.8
15.8
15.8
15.8
15.8
15.8
15.8
15.5
15.5
15.5
15.5
15.5
15.5
15.5
15.2
15.2
15.2
15.2
15.2
15.2
15.2
15.2
14.9
14.9
14.9
14.9
14.9
14.9
14.9
14.9
14.6
14.6
14.6
14.6
14.6
14.6
14.6
14.6
14.3
14.3
14.3
14.3
14.3
14.3
14.3
14.3
14.0
14.0
14.0