74.0
74.0
74.0
74.0
74.0
49.3
49.3
49.3
49.3
49.3
49.3
49.3
49.3
49.3
37.0
37.0
37.0
37.0
37.0
37.0
37.0
37.0
29.6
29.6
29.6
29.6
29.6
29.6
29.6
29.6
24.6
24.6
24.6
24.6
24.6
24.6
24.6
24.6
21.1
21.1
21.1
21.1
21.1
21.1
21.1
21.1
18.5
18.5
18.5
18.5
18.5
18.5
18.5
18.5
16.4
16.4
16.4
16.4
16.4
16.4
16.4
16.4
14.8
14.8
14.8
14.8
14.8
14.8
14.8
14.8
13.4
13.4
13.4
13.4
13.4
13.4
13.4
13.4
12.3
12.3
12.3
12.3
12.3
12.3
12.3
12.3
11.3
11.3
11.3
11.3
11.3
11.3
11.3
11.3
10.5
10.5
10.5
10.5
10.5
10.5
10.5
10.5
9.8
9.8
9.8
9.8
9.8
9.8
9.8
9.2
9.2
9.2
9.2
9.2
9.2
9.2
9.2
8.7
8.7
8.7
8.7
8.7
8.7
8.7
8.7
8.2
8.2
8.2
8.2
8.2
8.2
8.2
8.2
7.7
7.7
7.7
7.7
7.7
7.7
7.7
7.7
7.4
7.4
7.4
7.4
7.4
7.4
7.4
7.4
7.0
7.0
7.0
7.0
7.0
7.0
7.0
7.0
6.7
6.7
6.7
6.7
6.7
6.7
6.7
6.4
6.4
6.4
6.4
6.4
6.4
6.4
6.4
6.1
6.1
6.1
6.1
6.1
6.1
6.1
6.1
6.1
5.9
5.9
5.9
5.9
5.9
5.9
5.9
5.9
5.9
5.6
5.6
5.6
5.6
5.6
5.6
5.6
5.6
5.4
5.4
5.4
5.4
5.4
5.4
5.4
5.4
5.2
5.2
5.2
5.2
5.2
5.2
5.2
5.2
5.1
5.1
5.1
5.1
5.1
5.1
5.1
5.1
5.1
4.9
4.9
4.9
4.9
4.9
4.9
4.9
4.9
4.7
4.7
4.7
4.7
4.7
4.7
4.7
4.7
4.7
4.7
4.6
4.6
4.6
4.7
5.0
5.4
5.7
6.1
6.4
6.5
6.8
7.0
7.1
7.3
7.5
7.7
7.9
7.8
8.1
8.4
8.7
8.9
9.2
9.6
9.9
10.0
9.9
10.1
10.3
10.5
10.7
11.0
11.3
11.5
11.4
11.5
11.7
11.8
12.0
12.2
12.4
12.7
12.7
12.9
13.1
13.2
13.3
13.5
13.6
13.8
14.0
13.7
13.9
14.0
14.2
14.3
14.6
14.8
15.2
15.4
15.3
15.6
15.8
16.0
16.2
16.6
16.8
17.1
17.3
17.1
17.4
17.7
18.0
18.3
18.6
18.9
18.9
18.9
18.4
18.4
18.4
18.4
18.4
18.4
18.4
18.4
18.4
18.0
18.0
18.0
18.0
18.0
18.0
18.0
18.0
18.0
17.6
17.6
17.6
17.6
17.6
17.6
17.6
17.6
17.6
17.2
17.2
17.2
17.2
17.2
17.2
17.2
17.2
16.8
16.8
16.8
16.8
16.8
16.8
16.8
16.8
16.4
16.4
16.4
16.4
16.4
16.4
16.4
16.4
16.1
16.1
16.1
16.1
16.1
16.1
16.1
16.1
15.7
15.7
15.7
15.7
15.7
15.7
15.7
15.4
15.4
15.4
15.4
15.4
15.4
15.4
15.4
15.1
15.1
15.1
15.1
15.1
15.1
15.1
15.1
14.8
14.8
14.8
14.8
14.8
14.8
14.8
14.8
14.5
14.5
14.5
14.5
14.5
14.5
14.5
14.3
14.3