50.0
64.0
74.0
84.0
94.0
45.0
55.0
55.0
35.0
35.0
66.5
66.5
66.5
66.5
66.5
66.5
66.5
66.5
66.5
44.3
44.3
44.3
44.3
44.3
44.3
44.3
44.3
44.3
33.2
33.2
33.2
33.2
33.2
33.2
33.2
33.2
33.2
26.6
26.6
26.6
26.6
26.6
26.6
26.6
26.6
26.6
22.1
22.1
22.1
22.1
22.1
22.1
22.1
22.1
22.1
19.0
19.0
19.0
19.0
19.0
19.0
19.0
19.0
19.0
16.6
16.6
16.6
16.6
16.6
16.6
16.6
16.6
16.6
14.7
14.7
14.7
14.7
14.7
14.7
14.7
14.7
14.7
13.3
13.3
13.3
13.3
13.3
13.3
13.3
13.3
13.3
12.0
12.0
12.0
12.0
12.0
12.0
12.0
12.0
12.0
11.0
11.0
11.0
11.0
11.0
11.0
11.0
11.0
11.0
10.2
10.2
10.2
10.2
10.2
10.2
10.2
10.2
10.2
9.5
9.5
9.5
9.5
9.5
9.5
9.5
9.5
9.5
8.8
8.8
8.8
8.8
8.8
8.8
8.8
8.8
8.8
8.3
8.3
8.3
8.3
8.3
8.3
8.3
8.3
8.3
7.8
7.8
7.8
7.8
7.8
7.8
7.8
7.8
7.3
7.3
7.3
7.3
7.3
7.3
7.3
7.3
7.3
7.0
7.0
7.0
7.0
7.0
7.0
7.0
7.0
7.0
6.6
6.6
6.6
6.6
6.6
6.6
6.6
6.6
6.6
6.3
6.3
6.3
6.3
6.3
6.3
6.3
6.3
6.3
6.0
6.0
6.0
6.0
6.0
6.0
6.0
6.0
6.0
5.7
5.7
5.7
5.7
5.7
5.7
5.7
5.7
5.7
5.5
5.5
5.5
5.5
5.5
5.5
5.5
5.5
5.5
5.3
5.3
5.3
5.3
5.3
5.3
5.3
5.3
5.3
5.1
5.1
5.1
5.1
5.1
5.1
5.1
5.1
4.9
4.9
4.9
4.9
4.9
4.9
4.9
4.9
4.9
4.7
4.7
4.7
4.7
4.7
4.7
4.7
4.7
4.7
4.5
4.5
4.5
4.5
4.5
4.5
4.5
4.5
4.5
4.4
4.4
4.4
4.4
4.4
4.4
4.4
4.4
4.4
4.2
4.2
4.2
4.2
4.2
4.2
4.2
4.2
4.4
4.6
4.9
5.3
5.8
6.4
6.9
7.4
7.9
8.4
8.9
9.1
9.6
10.0
10.5
11.0
11.5
12.0
12.5
13.0
13.0
13.5
14.0
14.4
14.9
15.4
15.8
16.3
16.7
17.2
17.2
17.6
17.7
17.7
17.7
17.7
17.7
17.7
17.7
17.2
17.2
17.2
17.2
17.2
17.2
17.2
17.2
17.2
16.7
16.7
16.7
16.7
16.7
16.7
16.7
16.7
16.7
16.3
16.3
16.3
16.3
16.3
16.3
16.3
16.3
16.3
15.9
15.9
15.9
15.9
15.9
15.9
15.9
15.9
15.9
15.5
15.5
15.5
15.5
15.5
15.5
15.5
15.5
15.5
15.1
15.1
15.1
15.1
15.1
15.1
15.1
15.1
15.1
14.7
14.7
14.7
14.7
14.7
14.7
14.7
14.7
14.7
14.4
14.4
14.4
14.4
14.4
14.4
14.4
14.4
14.4
14.1
14.1
14.1
14.1
14.1
14.1
14.1
14.1
14.1
13.8
13.8
13.8
13.8
13.8
13.8
13.8
13.8
13.8
13.5
13.5
13.5
13.5
13.5
13.5
13.5
13.5
13.2
13.2
13.2
13.2
13.2
13.2
13.2
13.2
13.2
12.9
12.9
12.9
12.9
12.9
12.9
12.9
12.9
12.9
12.6
12.6
12.6
12.6
12.6
12.6
12.6
12.6
12.6
12.4
12.4
12.4
12.4
12.4
12.4
12.4
12.4
12.4
12.1
12.1
12.1
12.1
12.1
12.1
12.1
12.1
12.1
11.9
11.9
11.9
11.9
11.9
11.9
11.9
11.9
11.9
11.7
11.7
11.7
11.7
11.7
11.7
11.7
11.7
11.7
11.5
11.5
11.5
11.5
11.5
11.5
11.5
11.5
11.5
11.2
11.2
11.2
11.2
11.2
11.2
11.2
11.2
11.2
11.0
11.0
11.0
11.0
11.0
11.0
11.0
11.0
11.0
10.8
10.8
10.8
10.8
10.8
10.8
10.8
10.8
10.7
10.7
10.7
10.7
10.7
10.7
10.7
10.7
10.7