75.0
75.0
75.0
75.0
75.0
50.0
50.0
50.0
50.0
50.0
50.0
50.0
50.0
50.0
37.5
37.5
37.5
37.5
37.5
37.5
37.5
37.5
37.5
30.0
30.0
30.0
30.0
30.0
30.0
30.0
30.0
30.0
25.0
25.0
25.0
25.0
25.0
25.0
25.0
25.0
21.4
21.4
21.4
21.4
21.4
21.4
21.4
21.4
18.7
18.7
18.7
18.7
18.7
18.7
18.7
16.6
16.6
16.6
16.6
16.6
16.6
16.6
16.6
15.0
15.0
15.0
15.0
15.0
15.0
15.0
15.0
15.0
13.6
13.6
13.6
13.6
13.6
13.6
13.6
12.5
12.5
12.5
12.5
12.5
12.5
12.5
12.5
11.5
11.5
11.5
11.5
11.5
11.5
11.5
11.5
10.7
10.7
10.7
10.7
10.7
10.7
10.7
10.7
10.0
10.0
10.0
10.0
10.0
10.0
10.0
9.3
9.3
9.3
9.3
9.3
9.3
9.3
9.3
8.8
8.8
8.8
8.8
8.8
8.8
8.8
8.8
8.3
8.3
8.3
8.3
8.3
8.3
8.3
8.3
7.8
7.8
7.8
7.8
7.8
7.8
7.8
7.5
7.5
7.5
7.5
7.5
7.5
7.5
7.5
7.1
7.1
7.1
7.1
7.1
7.1
7.1
7.1
6.8
6.8
6.8
6.8
6.8
6.8
6.8
6.8
6.5
6.5
6.5
6.5
6.5
6.5
6.5
6.5
6.2
6.2
6.2
6.2
6.2
6.2
6.2
6.2
6.0
6.0
6.0
6.0
6.0
6.0
6.0
5.7
5.7
5.7
5.7
5.7
5.7
5.7
5.7
5.5
5.5
5.5
5.5
5.5
5.5
5.5
5.5
5.3
5.3
5.3
5.3
5.3
5.3
5.3
5.3
5.1
5.1
5.1
5.1
5.1
5.1
5.1
5.1
5.0
5.0
5.0
5.0
5.0
5.0
5.0
5.0
4.8
4.8
4.8
4.8
4.8
4.8
4.8
4.8
4.8
4.8
5.1
5.5
5.8
6.1
6.4
6.8
7.1
7.3
7.3
7.5
7.7
8.0
8.4
8.7
9.0
9.2
9.6
9.5
9.6
9.8
10.0
10.2
10.3
10.5
10.7
10.6
10.8
11.0
11.2
11.4
11.6
11.8
11.9
12.1
11.9
12.1
12.2
12.5
12.7
13.0
13.3
13.6
13.5
13.8
14.0
14.3
14.4
14.6
14.8
15.0
14.7
14.9
15.2
15.4
15.7
15.9
16.2
16.5
16.3
16.5
16.8
17.0
17.2
17.5
17.8
18.0
18.3
18.1
18.4
18.7
19.0
19.0
19.0
19.0
19.0
19.0
18.6
18.6
18.6
18.6
18.6
18.6
18.6
18.6
18.6
18.6
18.1
18.1
18.1
18.1
18.1
18.1
18.1
18.1
17.7
17.7
17.7
17.7
17.7
17.7
17.7
17.7
17.7
17.3
17.3
17.3
17.3
17.3
17.3
17.3
17.3
17.3
16.9
16.9
16.9
16.9
16.9
16.9
16.9
16.9
16.9
16.5
16.5
16.5
16.5
16.5
16.5
16.5
16.5
16.2
16.2
16.2
16.2
16.2
16.2
16.2
16.2
16.2
15.8
15.8
15.8
15.8
15.8
15.8
15.8
15.8
15.8
15.5
15.5
15.5
15.5
15.5
15.5
15.5
15.5
15.2
15.2
15.2
15.2
15.2
15.2
15.2
14.9
14.9
14.9
14.9
14.9
14.9
14.9
14.9
14.6
14.6
14.6
14.6
14.6
14.6
14.6
14.6
14.3
14.3
14.3