47.3
47.3
47.3
47.3
47.3
47.3
47.3
35.5
35.5
35.5
35.5
35.5
35.5
35.5
35.5
35.5
28.4
28.4
28.4
28.4
28.4
28.4
28.4
28.4
28.4
23.6
23.6
23.6
23.6
23.6
23.6
23.6
23.6
20.2
20.2
20.2
20.2
20.2
20.2
20.2
20.2
17.7
17.7
17.7
17.7
17.7
17.7
17.7
17.7
15.7
15.7
15.7
15.7
15.7
15.7
15.7
14.2
14.2
14.2
14.2
14.2
14.2
14.2
14.2
12.9
12.9
12.9
12.9
12.9
12.9
12.9
12.9
11.8
11.8
11.8
11.8
11.8
11.8
11.8
11.8
10.9
10.9
10.9
10.9
10.9
10.9
10.9
10.9
10.1
10.1
10.1
10.1
10.1
10.1
10.1
10.1
9.4
9.4
9.4
9.4
9.4
9.4
9.4
8.8
8.8
8.8
8.8
8.8
8.8
8.8
8.8
8.3
8.3
8.3
8.3
8.3
8.3
8.3
8.3
7.8
7.8
7.8
7.8
7.8
7.8
7.8
7.8
7.4
7.4
7.4
7.4
7.4
7.4
7.4
7.4
7.1
7.1
7.1
7.1
7.1
7.1
7.1
6.7
6.7
6.7
6.7
6.7
6.7
6.7
6.7
6.4
6.4
6.4
6.4
6.4
6.4
6.4
6.4
6.1
6.1
6.1
6.1
6.1
6.1
6.1
6.1
5.9
5.9
5.9
5.9
5.9
5.9
5.9
5.9
5.6
5.6
5.6
5.6
5.6
5.6
5.6
5.6
5.4
5.4
5.4
5.4
5.4
5.4
5.4
5.2
5.2
5.2
5.2
5.2
5.2
5.2
5.2
5.0
5.0
5.0
5.0
5.0
5.0
5.0
5.0
4.8
4.8
4.8
4.8
4.8
4.8
4.8
4.8
4.7
4.7
4.7
4.7
4.7
4.7
4.7
4.7
4.5
4.5
4.5
4.5
4.5
4.5
4.5
4.5
4.4
4.4
4.4
4.4
4.4
4.5
4.8
5.1
5.5
5.7
6.0
6.4
6.8
7.1
7.5
7.8
8.1
8.4
8.3
8.5
8.8
9.0
9.2
9.4
9.6
9.8
9.8
10.0
10.3
10.5
10.7
10.9
11.0
11.2
11.4
11.2
11.4
11.6
11.8
11.9
12.1
12.3
12.5
12.3
12.5
12.7
12.9
13.1
13.3
13.5
13.6
13.8
13.7
14.0
14.3
14.6
14.8
15.1
15.4
15.7
15.6
15.8
16.0
16.3
16.6
16.8
17.1
17.3
17.6
17.4
17.6
17.9
18.2
18.4
18.7
18.9
18.9
18.4
18.4
18.4
18.4
18.4
18.4
18.4
18.4
18.4
18.4
18.0
18.0
18.0
18.0
18.0
18.0
18.0
18.0
18.0
17.6
17.6
17.6
17.6
17.6
17.6
17.6
17.6
17.6
17.2
17.2
17.2
17.2
17.2
17.2
17.2
17.2
17.2
16.8
16.8
16.8
16.8
16.8
16.8
16.8
16.8
16.8
16.4
16.4
16.4
16.4
16.4
16.4
16.4
16.4
16.1
16.1
16.1
16.1
16.1
16.1
16.1
16.1
16.1
15.7
15.7
15.7
15.7
15.7
15.7
15.7
15.7
15.7
15.4
15.4
15.4
15.4
15.4
15.4
15.4
15.4
15.1
15.1
15.1
15.1
15.1
15.1
15.1
15.1
15.1
14.8
14.8
14.8
14.8
14.8
14.8
14.8
14.8
14.5
14.5
14.5
14.5
14.5
14.5
14.5
14.3
14.3
14.3
14.3
14.3
14.3
14.3
14.3
14.0