49.0
49.0
49.0
49.0
49.0
49.0
49.0
49.0
49.0
36.7
36.7
36.7
36.7
36.7
36.7
36.7
36.7
36.7
29.4
29.4
29.4
29.4
29.4
29.4
29.4
29.4
29.4
24.5
24.5
24.5
24.5
24.5
24.5
24.5
24.5
21.0
21.0
21.0
21.0
21.0
21.0
21.0
21.0
18.3
18.3
18.3
18.3
18.3
18.3
18.3
18.3
16.3
16.3
16.3
16.3
16.3
16.3
16.3
14.7
14.7
14.7
14.7
14.7
14.7
14.7
14.7
13.3
13.3
13.3
13.3
13.3
13.3
13.3
13.3
12.2
12.2
12.2
12.2
12.2
12.2
12.2
12.2
11.3
11.3
11.3
11.3
11.3
11.3
11.3
11.3
10.5
10.5
10.5
10.5
10.5
10.5
10.5
10.5
9.8
9.8
9.8
9.8
9.8
9.8
9.8
9.1
9.1
9.1
9.1
9.1
9.1
9.1
9.1
8.6
8.6
8.6
8.6
8.6
8.6
8.6
8.6
8.1
8.1
8.1
8.1
8.1
8.1
8.1
8.1
8.1
7.7
7.7
7.7
7.7
7.7
7.7
7.7
7.7
7.3
7.3
7.3
7.3
7.3
7.3
7.3
7.0
7.0
7.0
7.0
7.0
7.0
7.0
7.0
6.6
6.6
6.6
6.6
6.6
6.6
6.6
6.6
6.3
6.3
6.3
6.3
6.3
6.3
6.3
6.3
6.1
6.1
6.1
6.1
6.1
6.1
6.1
6.1
5.8
5.8
5.8
5.8
5.8
5.8
5.8
5.8
5.6
5.6
5.6
5.6
5.6
5.6
5.6
5.4
5.4
5.4
5.4
5.4
5.4
5.4
5.4
5.4
5.2
5.2
5.2
5.2
5.2
5.2
5.2
5.2
5.0
5.0
5.0
5.0
5.0
5.0
5.0
5.0
4.9
4.9
4.9
4.9
4.9
4.9
4.9
4.9
4.7
4.7
4.7
4.7
4.7
4.7
4.7
4.7
5.0
5.3
5.6
6.0
6.5
7.0
7.5
7.9
8.3
8.4
8.8
9.2
9.6
9.9
10.2
10.5
10.8
11.2
11.2
11.5
11.7
11.9
12.0
12.3
12.5
12.7
12.9
12.7
12.9
13.1
13.3
13.5
13.6
13.8
14.0
13.7
13.8
14.1
14.3
14.5
14.7
14.9
15.1
14.9
15.1
15.2
15.4
15.6
15.8
16.0
16.1
16.3
16.1
16.4
16.7
17.0
17.3
17.6
17.8
18.1
17.9
18.2
18.4
18.6
18.8
19.0
19.1
19.2
18.7
18.7
18.7
18.7
18.7
18.7
18.7
18.7
18.7
18.7
18.2
18.2
18.2
18.2
18.2
18.2
18.2
18.2
18.2
17.8
17.8
17.8
17.8
17.8
17.8
17.8
17.8
17.8
17.4
17.4
17.4
17.4
17.4
17.4
17.4
17.4
17.4
17.0
17.0
17.0
17.0
17.0
17.0
17.0
17.0
17.0
16.6
16.6
16.6
16.6
16.6
16.6
16.6
16.6
16.6
16.3
16.3
16.3
16.3
16.3
16.3
16.3
16.3
15.9
15.9
15.9
15.9
15.9
15.9
15.9
15.9
15.9
15.6
15.6
15.6
15.6
15.6
15.6
15.6
15.6
15.6
15.3
15.3
15.3
15.3
15.3
15.3
15.3
15.3
15.0
15.0
15.0
15.0
15.0
15.0
15.0
15.0
14.7
14.7
14.7
14.7
14.7
14.7
14.7
14.4
14.4
14.4
14.4
14.4
14.4
14.4
14.4
14.1
14.1
14.1
14.1
14.1