69.5
69.5
69.5
69.5
46.3
46.3
46.3
46.3
46.3
46.3
46.3
46.3
46.3
34.7
34.7
34.7
34.7
34.7
34.7
34.7
34.7
34.7
27.8
27.8
27.8
27.8
27.8
27.8
27.8
27.8
27.8
23.1
23.1
23.1
23.1
23.1
23.1
23.1
23.1
19.8
19.8
19.8
19.8
19.8
19.8
19.8
19.8
17.3
17.3
17.3
17.3
17.3
17.3
17.3
15.4
15.4
15.4
15.4
15.4
15.4
15.4
15.4
13.9
13.9
13.9
13.9
13.9
13.9
13.9
13.9
12.6
12.6
12.6
12.6
12.6
12.6
12.6
12.6
11.5
11.5
11.5
11.5
11.5
11.5
11.5
11.5
10.6
10.6
10.6
10.6
10.6
10.6
10.6
10.6
9.9
9.9
9.9
9.9
9.9
9.9
9.9
9.2
9.2
9.2
9.2
9.2
9.2
9.2
9.2
8.6
8.6
8.6
8.6
8.6
8.6
8.6
8.6
8.1
8.1
8.1
8.1
8.1
8.1
8.1
8.1
7.7
7.7
7.7
7.7
7.7
7.7
7.7
7.7
7.3
7.3
7.3
7.3
7.3
7.3
7.3
6.9
6.9
6.9
6.9
6.9
6.9
6.9
6.9
6.6
6.6
6.6
6.6
6.6
6.6
6.6
6.6
6.3
6.3
6.3
6.3
6.3
6.3
6.3
6.3
6.0
6.0
6.0
6.0
6.0
6.0
6.0
6.0
5.7
5.7
5.7
5.7
5.7
5.7
5.7
5.7
5.5
5.5
5.5
5.5
5.5
5.5
5.5
5.3
5.3
5.3
5.3
5.3
5.3
5.3
5.3
5.1
5.1
5.1
5.1
5.1
5.1
5.1
5.1
4.9
4.9
4.9
4.9
4.9
4.9
4.9
4.9
4.7
4.7
4.7
4.7
4.7
4.7
4.7
4.7
4.6
4.6
4.6
4.6
4.6
4.6
4.6
4.4
4.4
4.4
4.4
4.4
4.4
4.4
4.4
4.4
4.4
4.3
4.3
4.3
4.5
4.8
5.1
5.5
5.8
6.0
6.2
6.4
6.6
6.8
7.1
7.4
7.7
8.0
8.3
8.4
8.6
8.9
9.1
9.4
9.7
10.0
10.3
10.3
10.6
10.8
11.2
11.4
11.6
11.8
12.0
11.8
12.0
12.1
12.3
12.4
12.6
12.7
13.0
13.1
12.9
13.1
13.3
13.5
13.8
14.1
14.4
14.7
14.6
14.8
15.1
15.3
15.6
15.9
16.2
16.5
16.4
16.7
17.0
17.2
17.3
17.5
17.7
18.0
18.2
18.0
18.3
18.6
18.7
18.7
18.7
18.7
18.7
18.7
18.2
18.2
18.2
18.2
18.2
18.2
18.2
18.2
18.2
18.2
17.8
17.8
17.8
17.8
17.8
17.8
17.8
17.8
17.4
17.4
17.4
17.4
17.4
17.4
17.4
17.4
17.4
17.0
17.0
17.0
17.0
17.0
17.0
17.0
17.0
17.0
16.6
16.6
16.6
16.6
16.6
16.6
16.6
16.6
16.6
16.3
16.3
16.3
16.3
16.3
16.3
16.3
16.3
16.3
15.9
15.9
15.9
15.9
15.9
15.9
15.9
15.9
15.6
15.6
15.6
15.6
15.6
15.6
15.6
15.6
15.6
15.3
15.3
15.3
15.3
15.3
15.3
15.3
15.3
15.0
15.0
15.0
15.0
15.0
15.0
15.0
14.7
14.7
14.7
14.7
14.7
14.7
14.7
14.7
14.4
14.4
14.4
14.4
14.4
14.4
14.4
14.4
14.1
14.1
14.1