0.0
0.0
0.0
87.0
98.0
85.0
85.0
95.0
95.0
25.0
25.0
25.0
25.0
71.0
71.0
71.0
71.0
71.0
71.0
71.0
71.0
71.0
47.3
47.3
47.3
47.3
47.3
47.3
47.3
47.3
47.3
35.5
35.5
35.5
35.5
35.5
35.5
35.5
35.5
35.5
28.4
28.4
28.4
28.4
28.4
28.4
28.4
28.4
28.4
23.6
23.6
23.6
23.6
23.6
23.6
23.6
23.6
23.6
20.2
20.2
20.2
20.2
20.2
20.2
20.2
20.2
20.2
17.7
17.7
17.7
17.7
17.7
17.7
17.7
17.7
17.7
15.7
15.7
15.7
15.7
15.7
15.7
15.7
15.7
15.7
14.2
14.2
14.2
14.2
14.2
14.2
14.2
14.2
14.2
12.9
12.9
12.9
12.9
12.9
12.9
12.9
12.9
12.9
11.8
11.8
11.8
11.8
11.8
11.8
11.8
11.8
11.8
11.8
10.9
10.9
10.9
10.9
10.9
10.9
10.9
10.9
10.1
10.1
10.1
10.1
10.1
10.1
10.1
10.1
10.1
9.4
9.4
9.4
9.4
9.4
9.4
9.4
9.4
9.4
8.8
8.8
8.8
8.8
8.8
8.8
8.8
8.8
8.8
8.3
8.3
8.3
8.3
8.3
8.3
8.3
8.3
8.3
7.8
7.8
7.8
7.8
7.8
7.8
7.8
7.8
7.8
7.4
7.4
7.4
7.4
7.4
7.4
7.4
7.4
7.4
7.1
7.1
7.1
7.1
7.1
7.1
7.1
7.1
7.1
6.7
6.7
6.7
6.7
6.7
6.7
6.7
6.7
6.7
6.4
6.4
6.4
6.4
6.4
6.4
6.4
6.4
6.1
6.1
6.1
6.1
6.1
6.1
6.1
6.1
6.1
5.9
5.9
5.9
5.9
5.9
5.9
5.9
5.9
5.9
5.6
5.6
5.6
5.6
5.6
5.6
5.6
5.6
5.6
5.4
5.4
5.4
5.4
5.4
5.4
5.4
5.4
5.4
5.2
5.2
5.2
5.2
5.2
5.2
5.2
5.2
5.2
5.0
5.0
5.0
5.0
5.0
5.0
5.0
5.0
5.0
4.8
4.8
4.8
4.8
4.8
4.8
4.8
4.8
4.8
4.7
4.7
4.7
4.7
4.7
4.7
4.7
4.7
4.7
4.5
4.5
4.5
4.5
4.5
4.7
4.9
5.3
5.6
6.0
6.6
7.1
7.6
8.1
8.6
9.1
9.6
10.1
10.6
10.7
11.2
11.7
12.2
12.7
13.2
13.7
14.1
14.6
14.7
15.2
15.6
16.1
16.6
17.0
17.5
18.0
18.4
18.4
17.8
17.8
17.8
17.8
17.8
17.8
17.8
17.8
17.8
17.3
17.3
17.3
17.3
17.3
17.3
17.3
17.3
17.3
16.9
16.9
16.9
16.9
16.9
16.9
16.9
16.9
16.9
16.4
16.4
16.4
16.4
16.4
16.4
16.4
16.4
16.4
16.0
16.0
16.0
16.0
16.0
16.0
16.0
16.0
16.0
15.6
15.6
15.6
15.6
15.6
15.6
15.6
15.6
15.6
15.2
15.2
15.2
15.2
15.2
15.2
15.2
15.2
15.2
14.9
14.9
14.9
14.9
14.9
14.9
14.9
14.9
14.5
14.5
14.5
14.5
14.5
14.5
14.5
14.5
14.5
14.2
14.2
14.2
14.2
14.2
14.2
14.2
14.2
14.2
13.9
13.9
13.9
13.9
13.9
13.9
13.9
13.9
13.9
13.6
13.6
13.6
13.6
13.6
13.6
13.6
13.6
13.6
13.3
13.3
13.3
13.3
13.3
13.3
13.3
13.3
13.3
13.0
13.0
13.0
13.0
13.0
13.0
13.0
13.0
13.0
12.7
12.7
12.7
12.7
12.7
12.7
12.7
12.7
12.7
12.5
12.5
12.5
12.5
12.5
12.5
12.5
12.5
12.5
12.2
12.2
12.2
12.2
12.2
12.2
12.2
12.2
12.0
12.0
12.0
12.0
12.0
12.0
12.0
12.0
12.0
11.8
11.8
11.8
11.8
11.8
11.8
11.8
11.8
11.8
11.5
11.5
11.5
11.5
11.5
11.5
11.5
11.5
11.5
11.3
11.3
11.3
11.3
11.3
11.3
11.3
11.3
11.3
11.1
11.1
11.1
11.1
11.1
11.1
11.1
11.1
11.1
10.9
10.9
10.9
10.9
10.9
10.9
10.9
10.9
10.9
10.7
10.7
10.7
10.7
10.7