0.0
0.0
0.0
56.0
67.0
77.0
87.0
98.0
84.0
94.0
85.0
85.0
64.0
64.0
64.0
64.0
64.0
64.0
64.0
64.0
64.0
42.6
42.6
42.6
42.6
42.6
42.6
42.6
42.6
42.6
42.6
32.0
32.0
32.0
32.0
32.0
32.0
32.0
32.0
32.0
25.6
25.6
25.6
25.6
25.6
25.6
25.6
25.6
25.6
21.3
21.3
21.3
21.3
21.3
21.3
21.3
21.3
21.3
18.2
18.2
18.2
18.2
18.2
18.2
18.2
18.2
18.2
16.0
16.0
16.0
16.0
16.0
16.0
16.0
16.0
16.0
14.2
14.2
14.2
14.2
14.2
14.2
14.2
14.2
14.2
12.8
12.8
12.8
12.8
12.8
12.8
12.8
12.8
12.8
11.6
11.6
11.6
11.6
11.6
11.6
11.6
11.6
11.6
10.6
10.6
10.6
10.6
10.6
10.6
10.6
10.6
10.6
9.8
9.8
9.8
9.8
9.8
9.8
9.8
9.8
9.8
9.1
9.1
9.1
9.1
9.1
9.1
9.1
9.1
9.1
8.5
8.5
8.5
8.5
8.5
8.5
8.5
8.5
8.5
8.0
8.0
8.0
8.0
8.0
8.0
8.0
8.0
8.0
7.5
7.5
7.5
7.5
7.5
7.5
7.5
7.5
7.5
7.1
7.1
7.1
7.1
7.1
7.1
7.1
7.1
7.1
6.7
6.7
6.7
6.7
6.7
6.7
6.7
6.7
6.7
6.4
6.4
6.4
6.4
6.4
6.4
6.4
6.4
6.4
6.0
6.0
6.0
6.0
6.0
6.0
6.0
6.0
6.0
5.8
5.8
5.8
5.8
5.8
5.8
5.8
5.8
5.5
5.5
5.5
5.5
5.5
5.5
5.5
5.5
5.5
5.3
5.3
5.3
5.3
5.3
5.3
5.3
5.3
5.3
5.1
5.1
5.1
5.1
5.1
5.1
5.1
5.1
5.1
4.9
4.9
4.9
4.9
4.9
4.9
4.9
4.9
4.9
4.7
4.7
4.7
4.7
4.7
4.7
4.7
4.7
4.7
4.5
4.5
4.5
4.5
4.5
4.5
4.5
4.5
4.5
4.4
4.4
4.4
4.4
4.4
4.4
4.4
4.4
4.4
4.2
4.2
4.2
4.2
4.2
4.2
4.2
4.2
4.2
4.1
4.1
4.1
4.1
4.1
4.1
4.1
4.2
4.5
4.6
5.0
5.5
6.0
6.5
7.0
7.5
8.0
8.5
9.0
9.3
9.7
10.2
10.7
11.2
11.6
12.1
12.6
13.1
13.2
13.7
14.1
14.6
15.1
15.5
16.0
16.5
17.0
17.5
17.5
17.5
17.5
17.5
17.5
17.5
17.5
17.5
17.5
17.0
17.0
17.0
17.0
17.0
17.0
17.0
17.0
17.0
16.5
16.5
16.5
16.5
16.5
16.5
16.5
16.5
16.5
16.1
16.1
16.1
16.1
16.1
16.1
16.1
16.1
16.1
15.7
15.7
15.7
15.7
15.7
15.7
15.7
15.7
15.7
15.3
15.3
15.3
15.3
15.3
15.3
15.3
15.3
15.3
14.9
14.9
14.9
14.9
14.9
14.9
14.9
14.9
14.9
14.6
14.6
14.6
14.6
14.6
14.6
14.6
14.6
14.2
14.2
14.2
14.2
14.2
14.2
14.2
14.2
14.2
13.9
13.9
13.9
13.9
13.9
13.9
13.9
13.9
13.9
13.6
13.6
13.6
13.6
13.6
13.6
13.6
13.6
13.6
13.3
13.3
13.3
13.3
13.3
13.3
13.3
13.3
13.3
13.0
13.0
13.0
13.0
13.0
13.0
13.0
13.0
13.0
12.7
12.7
12.7
12.7
12.7
12.7
12.7
12.7
12.7
12.5
12.5
12.5
12.5
12.5
12.5
12.5
12.5
12.5
12.2
12.2
12.2
12.2
12.2
12.2
12.2
12.2
12.2
12.0
12.0
12.0
12.0
12.0
12.0
12.0
12.0
11.8
11.8
11.8
11.8
11.8
11.8
11.8
11.8
11.8
11.5
11.5
11.5
11.5
11.5
11.5
11.5
11.5
11.5
11.3
11.3
11.3
11.3
11.3
11.3
11.3
11.3
11.3
11.1
11.1
11.1
11.1
11.1
11.1
11.1
11.1
11.1
10.9
10.9
10.9
10.9
10.9
10.9
10.9
10.9
10.9
10.7
10.7
10.7
10.7
10.7
10.7
10.7
10.7
10.7
10.5
10.5
10.5
10.5
10.5