64.0
75.0
85.0
96.0
60.0
60.0
70.0
40.0
40.0
67.0
67.0
67.0
67.0
67.0
67.0
67.0
67.0
67.0
44.6
44.6
44.6
44.6
44.6
44.6
44.6
44.6
44.6
33.5
33.5
33.5
33.5
33.5
33.5
33.5
33.5
33.5
26.8
26.8
26.8
26.8
26.8
26.8
26.8
26.8
22.3
22.3
22.3
22.3
22.3
22.3
22.3
22.3
22.3
19.1
19.1
19.1
19.1
19.1
19.1
19.1
19.1
19.1
16.7
16.7
16.7
16.7
16.7
16.7
16.7
16.7
14.8
14.8
14.8
14.8
14.8
14.8
14.8
14.8
14.8
13.4
13.4
13.4
13.4
13.4
13.4
13.4
13.4
13.4
12.1
12.1
12.1
12.1
12.1
12.1
12.1
12.1
12.1
11.1
11.1
11.1
11.1
11.1
11.1
11.1
11.1
10.3
10.3
10.3
10.3
10.3
10.3
10.3
10.3
10.3
9.5
9.5
9.5
9.5
9.5
9.5
9.5
9.5
9.5
8.9
8.9
8.9
8.9
8.9
8.9
8.9
8.9
8.9
8.3
8.3
8.3
8.3
8.3
8.3
8.3
8.3
7.8
7.8
7.8
7.8
7.8
7.8
7.8
7.8
7.8
7.4
7.4
7.4
7.4
7.4
7.4
7.4
7.4
7.4
7.0
7.0
7.0
7.0
7.0
7.0
7.0
7.0
6.7
6.7
6.7
6.7
6.7
6.7
6.7
6.7
6.7
6.3
6.3
6.3
6.3
6.3
6.3
6.3
6.3
6.0
6.0
6.0
6.0
6.0
6.0
6.0
6.0
6.0
5.8
5.8
5.8
5.8
5.8
5.8
5.8
5.8
5.8
5.5
5.5
5.5
5.5
5.5
5.5
5.5
5.5
5.3
5.3
5.3
5.3
5.3
5.3
5.3
5.3
5.3
5.1
5.1
5.1
5.1
5.1
5.1
5.1
5.1
4.9
4.9
4.9
4.9
4.9
4.9
4.9
4.9
4.9
4.7
4.7
4.7
4.7
4.7
4.7
4.7
4.7
4.7
4.6
4.6
4.6
4.6
4.6
4.6
4.6
4.6
4.4
4.4
4.4
4.4
4.4
4.4
4.4
4.4
4.4
4.3
4.3
4.3
4.3
4.3
4.3
4.3
4.3
4.4
4.6
5.0
5.3
5.7
6.1
6.5
6.9
7.3
7.7
7.9
8.2
8.6
9.0
9.3
9.7
10.1
10.5
10.9
11.3
11.3
11.6
12.0
12.4
12.7
13.1
13.5
13.8
14.2
14.5
14.5
14.8
15.2
15.6
15.9
16.3
16.7
17.1
17.5
17.4
17.8
18.3
18.7
18.7
18.7
18.7
18.7
18.7
18.2
18.2
18.2
18.2
18.2
18.2
18.2
18.2
18.2
17.7
17.7
17.7
17.7
17.7
17.7
17.7
17.7
17.7
17.3
17.3
17.3
17.3
17.3
17.3
17.3
17.3
17.3
16.9
16.9
16.9
16.9
16.9
16.9
16.9
16.9
16.9
16.4
16.4
16.4
16.4
16.4
16.4
16.4
16.4
16.0
16.0
16.0
16.0
16.0
16.0
16.0
16.0
16.0
15.7
15.7
15.7
15.7
15.7
15.7
15.7
15.7
15.7
15.3
15.3
15.3
15.3
15.3
15.3
15.3
15.3
15.0
15.0
15.0
15.0
15.0
15.0
15.0
15.0
15.0
14.6
14.6
14.6
14.6
14.6
14.6
14.6
14.6
14.6
14.3
14.3
14.3
14.3
14.3
14.3
14.3
14.3
14.0
14.0
14.0
14.0
14.0
14.0
14.0
14.0
14.0
13.7
13.7
13.7
13.7
13.7
13.7
13.7
13.7
13.5
13.5
13.5
13.5
13.5
13.5
13.5
13.5
13.5
13.2
13.2
13.2
13.2
13.2
13.2
13.2
13.2
13.2
13.0
13.0
13.0
13.0
13.0
13.0
13.0
13.0
12.7
12.7
12.7
12.7
12.7
12.7
12.7
12.7
12.7
12.5
12.5
12.5
12.5
12.5
12.5
12.5
12.5
12.2
12.2
12.2
12.2
12.2
12.2
12.2
12.2
12.2
12.0
12.0
12.0
12.0
12.0
12.0
12.0
12.0
12.0
11.8
11.8
11.8
11.8
11.8
11.8
11.8
11.8
11.8
11.6
11.6
11.6
11.6
11.6
11.6
11.6
11.6
11.4
11.4
11.4
11.4
11.4
11.4
11.4
11.4
11.4
11.2
11.2
11.2
11.2