95.0
50.0
59.0
64.5
69.5
72.0
72.0
72.0
72.0
72.0
72.0
48.0
48.0
48.0
48.0
48.0
48.0
48.0
48.0
48.0
36.0
36.0
36.0
36.0
36.0
36.0
36.0
36.0
36.0
28.8
28.8
28.8
28.8
28.8
28.8
28.8
28.8
28.8
24.0
24.0
24.0
24.0
24.0
24.0
24.0
24.0
24.0
20.5
20.5
20.5
20.5
20.5
20.5
20.5
20.5
20.5
18.0
18.0
18.0
18.0
18.0
18.0
18.0
18.0
18.0
16.0
16.0
16.0
16.0
16.0
16.0
16.0
16.0
14.4
14.4
14.4
14.4
14.4
14.4
14.4
14.4
14.4
13.0
13.0
13.0
13.0
13.0
13.0
13.0
13.0
13.0
12.0
12.0
12.0
12.0
12.0
12.0
12.0
12.0
12.0
11.0
11.0
11.0
11.0
11.0
11.0
11.0
11.0
11.0
10.2
10.2
10.2
10.2
10.2
10.2
10.2
10.2
10.2
9.6
9.6
9.6
9.6
9.6
9.6
9.6
9.6
9.6
9.0
9.0
9.0
9.0
9.0
9.0
9.0
9.0
9.0
8.4
8.4
8.4
8.4
8.4
8.4
8.4
8.4
8.0
8.0
8.0
8.0
8.0
8.0
8.0
8.0
8.0
7.5
7.5
7.5
7.5
7.5
7.5
7.5
7.5
7.5
7.2
7.2
7.2
7.2
7.2
7.2
7.2
7.2
6.8
6.8
6.8
6.8
6.8
6.8
6.8
6.8
6.8
6.5
6.5
6.5
6.5
6.5
6.5
6.5
6.5
6.2
6.2
6.2
6.2
6.2
6.2
6.2
6.2
6.2
6.0
6.0
6.0
6.0
6.0
6.0
6.0
6.0
6.0
5.7
5.7
5.7
5.7
5.7
5.7
5.7
5.7
5.5
5.5
5.5
5.5
5.5
5.5
5.5
5.5
5.5
5.3
5.3
5.3
5.3
5.3
5.3
5.3
5.3
5.1
5.1
5.1
5.1
5.1
5.1
5.1
5.1
5.1
4.9
4.9
4.9
4.9
4.9
4.9
4.9
4.9
4.9
4.8
4.8
4.8
4.8
4.8
4.8
4.8
4.8
4.6
4.6
4.6
4.6
4.6
4.6
4.6
4.6
4.6
4.5
4.5
4.5
4.5
4.8
5.1
5.5
6.0
6.4
6.6
7.0
7.4
7.8
8.1
8.5
8.9
9.3
9.6
10.0
10.1
10.4
10.8
11.2
11.5
11.9
12.2
12.6
13.0
13.0
13.3
13.7
14.0
14.4
14.7
15.1
15.4
15.8
16.1
16.0
16.3
16.7
17.0
17.4
17.7
18.0
18.5
18.8
18.4
18.4
18.4
18.4
18.4
18.4
18.4
18.4
18.4
18.4
17.9
17.9
17.9
17.9
17.9
17.9
17.9
17.9
17.9
17.4
17.4
17.4
17.4
17.4
17.4
17.4
17.4
17.4
17.0
17.0
17.0
17.0
17.0
17.0
17.0
17.0
17.0
16.6
16.6
16.6
16.6
16.6
16.6
16.6
16.6
16.6
16.2
16.2
16.2
16.2
16.2
16.2
16.2
16.2
15.8
15.8
15.8
15.8
15.8
15.8
15.8
15.8
15.8
15.5
15.5
15.5
15.5
15.5
15.5
15.5
15.5
15.5
15.1
15.1
15.1
15.1
15.1
15.1
15.1
15.1
14.8
14.8
14.8
14.8
14.8
14.8
14.8
14.8
14.8
14.5
14.5
14.5
14.5
14.5
14.5
14.5
14.5
14.5
14.2
14.2
14.2
14.2
14.2
14.2
14.2
14.2
13.9
13.9
13.9
13.9
13.9
13.9
13.9
13.9
13.9
13.6
13.6
13.6
13.6
13.6
13.6
13.6
13.6
13.3
13.3
13.3
13.3
13.3
13.3
13.3
13.3
13.3
13.1
13.1
13.1
13.1
13.1
13.1
13.1
13.1
13.1
12.8
12.8
12.8
12.8
12.8
12.8
12.8
12.8
12.6
12.6
12.6
12.6
12.6
12.6
12.6
12.6
12.6
12.4
12.4
12.4
12.4
12.4
12.4
12.4
12.4
12.1
12.1
12.1
12.1
12.1
12.1
12.1
12.1
12.1
11.9
11.9
11.9
11.9
11.9
11.9
11.9
11.9
11.9
11.7
11.7
11.7
11.7
11.7
11.7
11.7
11.7
11.7
11.5
11.5
11.5
11.5
11.5
11.5
11.5
11.5
11.3
11.3
11.3
11.3
11.3
11.3
11.3
11.3