10.0
10.0
10.0
70.5
74.0
74.0
74.0
74.0
74.0
74.0
74.0
74.0
74.0
49.3
49.3
49.3
49.3
49.3
49.3
49.3
49.3
49.3
37.0
37.0
37.0
37.0
37.0
37.0
37.0
37.0
37.0
29.6
29.6
29.6
29.6
29.6
29.6
29.6
29.6
29.6
24.6
24.6
24.6
24.6
24.6
24.6
24.6
24.6
21.1
21.1
21.1
21.1
21.1
21.1
21.1
21.1
21.1
18.5
18.5
18.5
18.5
18.5
18.5
18.5
18.5
18.5
16.4
16.4
16.4
16.4
16.4
16.4
16.4
16.4
14.8
14.8
14.8
14.8
14.8
14.8
14.8
14.8
14.8
13.4
13.4
13.4
13.4
13.4
13.4
13.4
13.4
13.4
12.3
12.3
12.3
12.3
12.3
12.3
12.3
12.3
12.3
11.3
11.3
11.3
11.3
11.3
11.3
11.3
11.3
10.5
10.5
10.5
10.5
10.5
10.5
10.5
10.5
10.5
9.8
9.8
9.8
9.8
9.8
9.8
9.8
9.8
9.8
9.2
9.2
9.2
9.2
9.2
9.2
9.2
9.2
9.2
8.7
8.7
8.7
8.7
8.7
8.7
8.7
8.7
8.2
8.2
8.2
8.2
8.2
8.2
8.2
8.2
8.2
7.7
7.7
7.7
7.7
7.7
7.7
7.7
7.7
7.7
7.4
7.4
7.4
7.4
7.4
7.4
7.4
7.4
7.0
7.0
7.0
7.0
7.0
7.0
7.0
7.0
7.0
6.7
6.7
6.7
6.7
6.7
6.7
6.7
6.7
6.4
6.4
6.4
6.4
6.4
6.4
6.4
6.4
6.4
6.1
6.1
6.1
6.1
6.1
6.1
6.1
6.1
6.1
5.9
5.9
5.9
5.9
5.9
5.9
5.9
5.9
5.6
5.6
5.6
5.6
5.6
5.6
5.6
5.6
5.6
5.4
5.4
5.4
5.4
5.4
5.4
5.4
5.4
5.2
5.2
5.2
5.2
5.2
5.2
5.2
5.2
5.2
5.1
5.1
5.1
5.1
5.1
5.1
5.1
5.1
5.1
4.9
4.9
4.9
4.9
4.9
4.9
4.9
4.9
4.7
4.7
4.7
4.7
4.7
4.7
4.7
4.7
4.7
4.6
4.8
5.1
5.4
5.9
6.4
6.9
7.4
7.9
8.0
8.4
8.8
9.3
9.6
10.0
10.4
10.8
11.1
11.2
11.5
11.9
12.2
12.6
13.0
13.4
13.8
14.1
14.5
14.4
14.8
15.1
15.5
15.8
16.2
16.6
16.9
17.3
17.1
17.5
17.8
18.1
18.5
18.8
19.2
19.3
19.3
19.3
18.8
18.8
18.8
18.8
18.8
18.8
18.8
18.8
18.8
18.3
18.3
18.3
18.3
18.3
18.3
18.3
18.3
18.3
17.8
17.8
17.8
17.8
17.8
17.8
17.8
17.8
17.8
17.4
17.4
17.4
17.4
17.4
17.4
17.4
17.4
17.4
16.9
16.9
16.9
16.9
16.9
16.9
16.9
16.9
16.9
16.5
16.5
16.5
16.5
16.5
16.5
16.5
16.5
16.1
16.1
16.1
16.1
16.1
16.1
16.1
16.1
16.1
15.8
15.8
15.8
15.8
15.8
15.8
15.8
15.8
15.8
15.4
15.4
15.4
15.4
15.4
15.4
15.4
15.4
15.1
15.1
15.1
15.1
15.1
15.1
15.1
15.1
15.1
14.8
14.8
14.8
14.8
14.8
14.8
14.8
14.8
14.8
14.5
14.5
14.5
14.5
14.5
14.5
14.5
14.5
14.2
14.2
14.2
14.2
14.2
14.2
14.2
14.2
14.2
13.9
13.9
13.9
13.9
13.9
13.9
13.9
13.9
13.6
13.6
13.6
13.6
13.6
13.6
13.6
13.6
13.6
13.3
13.3
13.3
13.3
13.3
13.3
13.3
13.3
13.3
13.1
13.1
13.1
13.1
13.1
13.1
13.1
13.1
12.8
12.8
12.8
12.8
12.8
12.8
12.8
12.8
12.8
12.6
12.6
12.6
12.6
12.6
12.6
12.6
12.6
12.4
12.4
12.4
12.4
12.4
12.4
12.4
12.4
12.4
12.2
12.2
12.2
12.2
12.2
12.2
12.2
12.2
12.2
12.0
12.0
12.0
12.0
12.0
12.0
12.0
12.0
12.0
11.7
11.7
11.7
11.7
11.7
11.7
11.7
11.7
11.6
11.6
11.6
11.6
11.6
11.6
11.6
11.6