9.9
9.9
9.9
9.9
9.2
9.2
9.2
9.2
9.2
9.2
9.2
9.2
8.6
8.6
8.6
8.6
8.6
8.6
8.6
8.0
8.0
8.0
8.0
8.0
8.0
8.0
7.5
7.5
7.5
7.5
7.5
7.5
7.5
7.5
7.1
7.1
7.1
7.1
7.1
7.1
7.1
6.7
6.7
6.7
6.7
6.7
6.7
6.7
6.4
6.4
6.4
6.4
6.4
6.4
6.4
6.4
6.1
6.1
6.1
6.1
6.1
6.1
6.1
5.8
5.8
5.8
5.8
5.8
5.8
5.8
5.8
5.6
5.6
5.6
5.6
5.6
5.6
5.6
5.3
5.3
5.3
5.3
5.3
5.3
5.3
5.1
5.1
5.1
5.1
5.1
5.1
5.1
4.9
4.9
4.9
4.9
4.9
4.9
4.9
4.7
4.7
4.7
4.7
4.7
4.7
4.7
4.6
4.6
4.6
4.6
4.6
4.6
4.6
4.4
4.4
4.4
4.4
4.4
4.4
4.4
4.4
4.3
4.3
4.3
4.3
4.3
4.3
4.3
4.3
4.1
4.1
4.1
4.1
4.2
4.4
4.8
5.0
5.3
5.9
6.5
7.1
7.7
8.3
8.9
9.5
9.8
10.3
10.9
11.5
12.0
12.6
13.2
13.7
13.8
14.3
14.9
15.4
16.0
16.5
17.0
17.6
18.1
18.0
18.2
18.2
18.2
18.2
18.2
18.2
18.2
17.7
17.7
17.7
17.7
17.7
17.7
17.7
17.7
17.2
17.2
17.2
17.2
17.2
17.2
17.2
17.2
16.7
16.7
16.7
16.7
16.7
16.7
16.7
16.3
16.3
16.3
16.3
16.3
16.3
16.3
15.9
15.9
15.9
15.9
15.9
15.9
15.9
15.5
15.5
15.5
15.5
15.5
15.5
15.5
15.5
15.1
15.1
15.1
15.1
15.1
15.1
15.1
14.8
14.8
14.8
14.8
14.8
14.8
14.8
14.5
14.5
14.5
14.5
14.5
14.5
14.5
14.1
14.1
14.1
14.1
14.1
14.1
14.1
13.8
13.8
13.8
13.8
13.8
13.8
13.8
13.5
13.5
13.5
13.5
13.5
13.5
13.5
13.2
13.2
13.2
13.2
13.2
13.2
13.2
13.2
13.0
13.0
13.0
13.0
13.0
13.0
12.7
12.7
12.7
12.7
12.7
12.7
12.7
12.7
12.5
12.5
12.5
12.5
12.5
12.5
12.5
12.2
12.2
12.2
12.2
12.2
12.2
12.2
12.0
12.0
12.0
12.0
12.0
12.0
12.0
11.8
11.8
11.8
11.8
11.8
11.8
11.8
11.8
11.6
11.6
11.6
11.6
11.6
11.6
11.6
11.3
11.3
11.3
11.3
11.3
11.3
11.3
11.1
11.1
11.1
11.1
11.1
11.1
11.1
11.1
11.0
11.0
11.0
11.0
11.0
11.0
11.0
11.0
10.8
10.8
10.8
10.8
10.8
10.8
10.8
10.6
10.6
10.6
10.6
10.6
10.6
10.6
10.6
10.6
10.4
10.4
10.4
10.4
10.4
10.4
10.4
10.2
10.2
10.2
10.2
10.2
10.2
10.2
10.1
10.1
10.1
10.1
10.1
10.1
10.1
10.1
9.9
9.9
9.9
9.9
9.9
9.9
9.9
9.8
9.8
10.0
10.1