78.0
90.0
50.0
55.0
60.5
65.0
67.5
67.5
67.5
67.5
67.5
67.5
45.0
45.0
45.0
45.0
45.0
45.0
45.0
45.0
45.0
33.7
33.7
33.7
33.7
33.7
33.7
33.7
33.7
33.7
27.0
27.0
27.0
27.0
27.0
27.0
27.0
27.0
27.0
22.5
22.5
22.5
22.5
22.5
22.5
22.5
22.5
19.2
19.2
19.2
19.2
19.2
19.2
19.2
19.2
19.2
16.8
16.8
16.8
16.8
16.8
16.8
16.8
16.8
16.8
15.0
15.0
15.0
15.0
15.0
15.0
15.0
15.0
15.0
13.5
13.5
13.5
13.5
13.5
13.5
13.5
13.5
12.2
12.2
12.2
12.2
12.2
12.2
12.2
12.2
12.2
11.2
11.2
11.2
11.2
11.2
11.2
11.2
11.2
10.3
10.3
10.3
10.3
10.3
10.3
10.3
10.3
10.3
9.6
9.6
9.6
9.6
9.6
9.6
9.6
9.6
9.6
9.0
9.0
9.0
9.0
9.0
9.0
9.0
9.0
8.4
8.4
8.4
8.4
8.4
8.4
8.4
8.4
8.4
7.9
7.9
7.9
7.9
7.9
7.9
7.9
7.9
7.5
7.5
7.5
7.5
7.5
7.5
7.5
7.5
7.5
7.1
7.1
7.1
7.1
7.1
7.1
7.1
7.1
7.1
6.7
6.7
6.7
6.7
6.7
6.7
6.7
6.7
6.4
6.4
6.4
6.4
6.4
6.4
6.4
6.4
6.4
6.1
6.1
6.1
6.1
6.1
6.1
6.1
6.1
6.1
5.8
5.8
5.8
5.8
5.8
5.8
5.8
5.8
5.6
5.6
5.6
5.6
5.6
5.6
5.6
5.6
5.6
5.4
5.4
5.4
5.4
5.4
5.4
5.4
5.4
5.4
5.1
5.1
5.1
5.1
5.1
5.1
5.1
5.1
5.1
5.0
5.0
5.0
5.0
5.0
5.0
5.0
5.0
4.8
4.8
4.8
4.8
4.8
4.8
4.8
4.8
4.8
4.6
4.6
4.6
4.6
4.6
4.6
4.6
4.6
4.6
4.5
4.5
4.5
4.5
4.5
4.5
4.5
4.5
4.3
4.3
4.3
4.3
4.3
4.3
4.3
4.3
4.3
4.2
4.2
4.2
4.2
4.4
4.7
5.0
5.4
5.9
6.1
6.5
6.9
7.3
7.6
8.0
8.4
8.8
9.2
9.5
9.6
10.0
10.3
10.7
11.0
11.4
11.8
12.2
12.5
12.5
12.8
13.2
13.5
13.9
14.3
14.6
15.0
15.3
15.3
15.6
15.9
16.3
16.6
17.0
17.3
17.6
18.0
18.4
18.2
18.2
18.2
18.2
18.2
18.2
18.2
18.2
18.2
17.7
17.7
17.7
17.7
17.7
17.7
17.7
17.7
17.7
17.3
17.3
17.3
17.3
17.3
17.3
17.3
17.3
17.3
16.9
16.9
16.9
16.9
16.9
16.9
16.9
16.9
16.9
16.4
16.4
16.4
16.4
16.4
16.4
16.4
16.4
16.4
16.0
16.0
16.0
16.0
16.0
16.0
16.0
16.0
16.0
15.7
15.7
15.7
15.7
15.7
15.7
15.7
15.7
15.3
15.3
15.3
15.3
15.3
15.3
15.3
15.3
15.3
15.0
15.0
15.0
15.0
15.0
15.0
15.0
15.0
15.0
14.6
14.6
14.6
14.6
14.6
14.6
14.6
14.6
14.3
14.3
14.3
14.3
14.3
14.3
14.3
14.3
14.3
14.0
14.0
14.0
14.0
14.0
14.0
14.0
14.0
14.0
13.7
13.7
13.7
13.7
13.7
13.7
13.7
13.7
13.7
13.5
13.5
13.5
13.5
13.5
13.5
13.5
13.5
13.5
13.2
13.2
13.2
13.2
13.2
13.2
13.2
13.2
13.0
13.0
13.0
13.0
13.0
13.0
13.0
13.0
13.0
12.7
12.7
12.7
12.7
12.7
12.7
12.7
12.7
12.7
12.5
12.5
12.5
12.5
12.5
12.5
12.5
12.5
12.2
12.2
12.2
12.2
12.2
12.2
12.2
12.2
12.2
12.0
12.0
12.0
12.0
12.0
12.0
12.0
12.0
12.0
11.8
11.8
11.8
11.8
11.8
11.8
11.8
11.8
11.6
11.6
11.6
11.6
11.6
11.6
11.6
11.6
11.6
11.4
11.4
11.4
11.4
11.4
11.4
11.4
11.4
11.2
11.2
11.2
11.2
11.2
11.2
11.2
11.2
11.2