48.3
48.3
48.3
48.3
48.3
48.3
48.3
48.3
36.2
36.2
36.2
36.2
36.2
36.2
36.2
36.2
36.2
29.0
29.0
29.0
29.0
29.0
29.0
29.0
29.0
29.0
24.1
24.1
24.1
24.1
24.1
24.1
24.1
24.1
20.7
20.7
20.7
20.7
20.7
20.7
20.7
20.7
18.1
18.1
18.1
18.1
18.1
18.1
18.1
18.1
16.1
16.1
16.1
16.1
16.1
16.1
16.1
14.5
14.5
14.5
14.5
14.5
14.5
14.5
14.5
14.5
13.1
13.1
13.1
13.1
13.1
13.1
13.1
13.1
12.0
12.0
12.0
12.0
12.0
12.0
12.0
12.0
11.1
11.1
11.1
11.1
11.1
11.1
11.1
11.1
10.3
10.3
10.3
10.3
10.3
10.3
10.3
10.3
9.6
9.6
9.6
9.6
9.6
9.6
9.6
9.6
9.0
9.0
9.0
9.0
9.0
9.0
9.0
8.5
8.5
8.5
8.5
8.5
8.5
8.5
8.5
8.0
8.0
8.0
8.0
8.0
8.0
8.0
8.0
7.6
7.6
7.6
7.6
7.6
7.6
7.6
7.6
7.2
7.2
7.2
7.2
7.2
7.2
7.2
7.2
6.9
6.9
6.9
6.9
6.9
6.9
6.9
6.5
6.5
6.5
6.5
6.5
6.5
6.5
6.5
6.3
6.3
6.3
6.3
6.3
6.3
6.3
6.3
6.0
6.0
6.0
6.0
6.0
6.0
6.0
6.0
5.8
5.8
5.8
5.8
5.8
5.8
5.8
5.8
5.5
5.5
5.5
5.5
5.5
5.5
5.5
5.3
5.3
5.3
5.3
5.3
5.3
5.3
5.3
5.1
5.1
5.1
5.1
5.1
5.1
5.1
5.1
5.0
5.0
5.0
5.0
5.0
5.0
5.0
5.0
4.8
4.8
4.8
4.8
4.8
4.8
4.8
4.8
4.6
4.6
4.6
4.6
4.6
4.6
4.6
4.5
4.5
4.5
4.7
5.0
5.3
5.7
6.2
6.6
7.1
7.2
7.6
8.0
8.4
8.7
9.1
9.4
9.7
10.0
10.0
10.3
10.6
10.9
11.2
11.5
11.8
12.0
12.2
12.0
12.1
12.4
12.6
12.9
13.3
13.6
13.8
13.7
14.0
14.3
14.5
14.7
14.9
15.1
15.3
15.1
15.2
15.4
15.6
15.8
16.0
16.2
16.4
16.1
16.2
16.4
16.6
16.7
16.9
17.1
17.2
17.4
17.1
17.2
17.4
17.5
17.7
17.8
18.0
18.1
17.9
18.0
18.2
18.3
18.6
18.7
18.7
18.7
18.7
18.2
18.2
18.2
18.2
18.2
18.2
18.2
18.2
18.2
17.8
17.8
17.8
17.8
17.8
17.8
17.8
17.8
17.8
17.4
17.4
17.4
17.4
17.4
17.4
17.4
17.4
17.4
17.0
17.0
17.0
17.0
17.0
17.0
17.0
17.0
17.0
16.6
16.6
16.6
16.6
16.6
16.6
16.6
16.6
16.6
16.2
16.2
16.2
16.2
16.2
16.2
16.2
16.2
16.2
15.9
15.9
15.9
15.9
15.9
15.9
15.9
15.9
15.6
15.6
15.6
15.6
15.6
15.6
15.6
15.6
15.6
15.2
15.2
15.2
15.2
15.2
15.2
15.2
15.2
15.2
14.9
14.9
14.9
14.9
14.9
14.9
14.9
14.9
14.6
14.6
14.6
14.6
14.6
14.6
14.6
14.6
14.4
14.4
14.4
14.4
14.4
14.4
14.4
14.1
14.1
14.1
14.1
14.1
14.1
14.1