59.0
70.0
80.0
90.0
10.0
00.0
60.5
65.5
66.5
66.5
66.5
66.5
66.5
66.5
66.5
44.3
44.3
44.3
44.3
44.3
44.3
44.3
44.3
44.3
33.2
33.2
33.2
33.2
33.2
33.2
33.2
33.2
33.2
26.6
26.6
26.6
26.6
26.6
26.6
26.6
26.6
26.6
22.1
22.1
22.1
22.1
22.1
22.1
22.1
22.1
22.1
19.0
19.0
19.0
19.0
19.0
19.0
19.0
19.0
19.0
16.6
16.6
16.6
16.6
16.6
16.6
16.6
16.6
16.6
14.7
14.7
14.7
14.7
14.7
14.7
14.7
14.7
14.7
13.3
13.3
13.3
13.3
13.3
13.3
13.3
13.3
13.3
12.0
12.0
12.0
12.0
12.0
12.0
12.0
12.0
11.0
11.0
11.0
11.0
11.0
11.0
11.0
11.0
11.0
10.2
10.2
10.2
10.2
10.2
10.2
10.2
10.2
10.2
9.5
9.5
9.5
9.5
9.5
9.5
9.5
9.5
8.8
8.8
8.8
8.8
8.8
8.8
8.8
8.8
8.8
8.3
8.3
8.3
8.3
8.3
8.3
8.3
8.3
8.3
7.8
7.8
7.8
7.8
7.8
7.8
7.8
7.8
7.3
7.3
7.3
7.3
7.3
7.3
7.3
7.3
7.3
7.0
7.0
7.0
7.0
7.0
7.0
7.0
7.0
6.6
6.6
6.6
6.6
6.6
6.6
6.6
6.6
6.6
6.3
6.3
6.3
6.3
6.3
6.3
6.3
6.3
6.3
6.0
6.0
6.0
6.0
6.0
6.0
6.0
6.0
6.0
5.7
5.7
5.7
5.7
5.7
5.7
5.7
5.7
5.7
5.5
5.5
5.5
5.5
5.5
5.5
5.5
5.5
5.5
5.3
5.3
5.3
5.3
5.3
5.3
5.3
5.3
5.3
5.1
5.1
5.1
5.1
5.1
5.1
5.1
5.1
5.1
4.9
4.9
4.9
4.9
4.9
4.9
4.9
4.9
4.9
4.7
4.7
4.7
4.7
4.7
4.7
4.7
4.7
4.5
4.5
4.5
4.5
4.5
4.5
4.5
4.5
4.5
4.4
4.4
4.4
4.4
4.4
4.4
4.4
4.4
4.4
4.2
4.2
4.2
4.2
4.2
4.2
4.2
4.2
4.2
4.1
4.1
4.2
4.5
4.8
5.2
5.5
5.9
6.3
6.5
6.9
7.3
7.7
8.1
8.5
8.8
9.2
9.5
10.0
10.0
10.2
10.7
11.0
11.4
11.8
12.1
12.5
12.9
12.9
13.2
13.6
14.0
14.3
14.7
15.0
15.4
15.7
16.1
16.0
16.4
16.8
17.2
17.6
18.1
18.6
18.7
18.7
18.2
18.2
18.2
18.2
18.2
18.2
18.2
18.2
18.2
17.7
17.7
17.7
17.7
17.7
17.7
17.7
17.7
17.7
17.3
17.3
17.3
17.3
17.3
17.3
17.3
17.3
17.3
16.9
16.9
16.9
16.9
16.9
16.9
16.9
16.9
16.9
16.4
16.4
16.4
16.4
16.4
16.4
16.4
16.4
16.4
16.0
16.0
16.0
16.0
16.0
16.0
16.0
16.0
16.0
15.7
15.7
15.7
15.7
15.7
15.7
15.7
15.7
15.3
15.3
15.3
15.3
15.3
15.3
15.3
15.3
15.3
15.0
15.0
15.0
15.0
15.0
15.0
15.0
15.0
15.0
14.6
14.6
14.6
14.6
14.6
14.6
14.6
14.6
14.6
14.3
14.3
14.3
14.3
14.3
14.3
14.3
14.3
14.0
14.0
14.0
14.0
14.0
14.0
14.0
14.0
14.0
13.7
13.7
13.7
13.7
13.7
13.7
13.7
13.7
13.7
13.5
13.5
13.5
13.5
13.5
13.5
13.5
13.5
13.2
13.2
13.2
13.2
13.2
13.2
13.2
13.2
13.2
13.0
13.0
13.0
13.0
13.0
13.0
13.0
13.0
12.7
12.7
12.7
12.7
12.7
12.7
12.7
12.7
12.7
12.5
12.5
12.5
12.5
12.5
12.5
12.5
12.5
12.5
12.2
12.2
12.2
12.2
12.2
12.2
12.2
12.2
12.0
12.0
12.0
12.0
12.0
12.0
12.0
12.0
12.0
11.8
11.8
11.8
11.8
11.8
11.8
11.8
11.8
11.8
11.6
11.6
11.6
11.6
11.6
11.6
11.6
11.6
11.6
11.4
11.4
11.4
11.4
11.4
11.4
11.4
11.4
11.2
11.2