59.0
64.0
69.0
74.5
74.5
74.5
74.5
74.5
74.5
49.6
49.6
49.6
49.6
49.6
49.6
49.6
49.6
49.6
37.2
37.2
37.2
37.2
37.2
37.2
37.2
37.2
37.2
29.8
29.8
29.8
29.8
29.8
29.8
29.8
29.8
29.8
24.8
24.8
24.8
24.8
24.8
24.8
24.8
24.8
24.8
21.2
21.2
21.2
21.2
21.2
21.2
21.2
21.2
21.2
18.6
18.6
18.6
18.6
18.6
18.6
18.6
18.6
18.6
16.5
16.5
16.5
16.5
16.5
16.5
16.5
16.5
16.5
14.9
14.9
14.9
14.9
14.9
14.9
14.9
14.9
14.9
13.5
13.5
13.5
13.5
13.5
13.5
13.5
13.5
13.5
12.4
12.4
12.4
12.4
12.4
12.4
12.4
12.4
11.4
11.4
11.4
11.4
11.4
11.4
11.4
11.4
11.4
10.6
10.6
10.6
10.6
10.6
10.6
10.6
10.6
10.6
9.9
9.9
9.9
9.9
9.9
9.9
9.9
9.9
9.3
9.3
9.3
9.3
9.3
9.3
9.3
9.3
9.3
8.7
8.7
8.7
8.7
8.7
8.7
8.7
8.7
8.7
8.2
8.2
8.2
8.2
8.2
8.2
8.2
8.2
7.8
7.8
7.8
7.8
7.8
7.8
7.8
7.8
7.8
7.4
7.4
7.4
7.4
7.4
7.4
7.4
7.4
7.0
7.0
7.0
7.0
7.0
7.0
7.0
7.0
7.0
6.7
6.7
6.7
6.7
6.7
6.7
6.7
6.7
6.7
6.4
6.4
6.4
6.4
6.4
6.4
6.4
6.4
6.4
6.2
6.2
6.2
6.2
6.2
6.2
6.2
6.2
6.2
5.9
5.9
5.9
5.9
5.9
5.9
5.9
5.9
5.9
5.7
5.7
5.7
5.7
5.7
5.7
5.7
5.7
5.7
5.5
5.5
5.5
5.5
5.5
5.5
5.5
5.5
5.5
5.3
5.3
5.3
5.3
5.3
5.3
5.3
5.3
5.3
5.1
5.1
5.1
5.1
5.1
5.1
5.1
5.1
4.9
4.9
4.9
4.9
4.9
4.9
4.9
4.9
4.9
4.8
4.8
4.8
4.8
4.8
4.8
4.8
4.8
4.8
4.6
4.6
4.6
4.6
4.9
5.2
5.5
6.0
6.5
6.8
7.2
7.6
8.0
8.4
8.8
9.2
9.6
10.0
10.0
10.4
10.7
11.1
11.5
11.8
12.2
12.5
12.9
13.3
13.2
13.5
13.9
14.2
14.6
14.9
15.3
15.6
16.0
15.9
16.3
16.6
17.0
17.3
17.7
18.0
18.4
18.7
19.1
18.8
18.8
18.8
18.8
18.8
18.8
18.8
18.8
18.8
18.3
18.3
18.3
18.3
18.3
18.3
18.3
18.3
18.3
17.8
17.8
17.8
17.8
17.8
17.8
17.8
17.8
17.8
17.4
17.4
17.4
17.4
17.4
17.4
17.4
17.4
17.4
17.0
17.0
17.0
17.0
17.0
17.0
17.0
17.0
17.0
16.5
16.5
16.5
16.5
16.5
16.5
16.5
16.5
16.5
16.2
16.2
16.2
16.2
16.2
16.2
16.2
16.2
16.2
15.8
15.8
15.8
15.8
15.8
15.8
15.8
15.8
15.4
15.4
15.4
15.4
15.4
15.4
15.4
15.4
15.4
15.1
15.1
15.1
15.1
15.1
15.1
15.1
15.1
15.1
14.8
14.8
14.8
14.8
14.8
14.8
14.8
14.8
14.8
14.5
14.5
14.5
14.5
14.5
14.5
14.5
14.5
14.2
14.2
14.2
14.2
14.2
14.2
14.2
14.2
14.2
13.9
13.9
13.9
13.9
13.9
13.9
13.9
13.9
13.9
13.6
13.6
13.6
13.6
13.6
13.6
13.6
13.6
13.4
13.4
13.4
13.4
13.4
13.4
13.4
13.4
13.4
13.1
13.1
13.1
13.1
13.1
13.1
13.1
13.1
12.9
12.9
12.9
12.9
12.9
12.9
12.9
12.9
12.9
12.6
12.6
12.6
12.6
12.6
12.6
12.6
12.6
12.6
12.4
12.4
12.4
12.4
12.4
12.4
12.4
12.4
12.2
12.2
12.2
12.2
12.2
12.2
12.2
12.2
12.2
12.0
12.0
12.0
12.0
12.0
12.0
12.0
12.0
11.8
11.8
11.8
11.8
11.8
11.8
11.8
11.8
11.8
11.6
11.6
11.6
11.6
11.6
11.6
11.6
11.6