97.0
50.0
50.0
60.0
60.0
30.0
30.0
30.0
71.5
71.5
71.5
71.5
71.5
71.5
71.5
71.5
71.5
47.6
47.6
47.6
47.6
47.6
47.6
47.6
47.6
47.6
35.7
35.7
35.7
35.7
35.7
35.7
35.7
35.7
35.7
28.6
28.6
28.6
28.6
28.6
28.6
28.6
28.6
28.6
23.8
23.8
23.8
23.8
23.8
23.8
23.8
23.8
23.8
20.4
20.4
20.4
20.4
20.4
20.4
20.4
20.4
20.4
17.8
17.8
17.8
17.8
17.8
17.8
17.8
17.8
17.8
15.8
15.8
15.8
15.8
15.8
15.8
15.8
15.8
15.8
14.3
14.3
14.3
14.3
14.3
14.3
14.3
14.3
14.3
13.0
13.0
13.0
13.0
13.0
13.0
13.0
13.0
11.9
11.9
11.9
11.9
11.9
11.9
11.9
11.9
11.9
11.0
11.0
11.0
11.0
11.0
11.0
11.0
11.0
11.0
10.2
10.2
10.2
10.2
10.2
10.2
10.2
10.2
9.5
9.5
9.5
9.5
9.5
9.5
9.5
9.5
9.5
8.9
8.9
8.9
8.9
8.9
8.9
8.9
8.9
8.9
8.4
8.4
8.4
8.4
8.4
8.4
8.4
8.4
7.9
7.9
7.9
7.9
7.9
7.9
7.9
7.9
7.9
7.5
7.5
7.5
7.5
7.5
7.5
7.5
7.5
7.5
7.1
7.1
7.1
7.1
7.1
7.1
7.1
7.1
7.1
6.8
6.8
6.8
6.8
6.8
6.8
6.8
6.8
6.8
6.5
6.5
6.5
6.5
6.5
6.5
6.5
6.5
6.5
6.2
6.2
6.2
6.2
6.2
6.2
6.2
6.2
6.2
5.9
5.9
5.9
5.9
5.9
5.9
5.9
5.9
5.9
5.7
5.7
5.7
5.7
5.7
5.7
5.7
5.7
5.7
5.5
5.5
5.5
5.5
5.5
5.5
5.5
5.5
5.5
5.2
5.2
5.2
5.2
5.2
5.2
5.2
5.2
5.2
5.1
5.1
5.1
5.1
5.1
5.1
5.1
5.1
4.9
4.9
4.9
4.9
4.9
4.9
4.9
4.9
4.9
4.7
4.7
4.7
4.7
4.7
4.7
4.7
4.7
4.7
4.6
4.6
4.6
4.6
4.6
4.6
4.6
4.9
5.2
5.4
5.7
6.2
6.6
7.0
7.5
7.8
8.2
8.6
8.7
9.1
9.5
9.8
10.2
10.6
11.0
11.3
11.7
12.0
12.0
12.3
12.7
13.0
13.4
13.8
14.1
14.5
14.9
14.8
15.1
15.5
15.9
16.2
16.6
16.9
17.3
17.6
18.0
17.8
18.2
18.6
19.0
19.0
19.0
19.0
19.0
19.0
18.5
18.5
18.5
18.5
18.5
18.5
18.5
18.5
18.5
18.5
18.0
18.0
18.0
18.0
18.0
18.0
18.0
18.0
18.0
17.5
17.5
17.5
17.5
17.5
17.5
17.5
17.5
17.5
17.1
17.1
17.1
17.1
17.1
17.1
17.1
17.1
17.1
16.7
16.7
16.7
16.7
16.7
16.7
16.7
16.7
16.7
16.3
16.3
16.3
16.3
16.3
16.3
16.3
16.3
16.3
15.9
15.9
15.9
15.9
15.9
15.9
15.9
15.9
15.5
15.5
15.5
15.5
15.5
15.5
15.5
15.5
15.5
15.2
15.2
15.2
15.2
15.2
15.2
15.2
15.2
15.2
14.9
14.9
14.9
14.9
14.9
14.9
14.9
14.9
14.9
14.5
14.5
14.5
14.5
14.5
14.5
14.5
14.5
14.2
14.2
14.2
14.2
14.2
14.2
14.2
14.2
14.2
14.0
14.0
14.0
14.0
14.0
14.0
14.0
14.0
14.0
13.7
13.7
13.7
13.7
13.7
13.7
13.7
13.7
13.4
13.4
13.4
13.4
13.4
13.4
13.4
13.4
13.4
13.1
13.1
13.1
13.1
13.1
13.1
13.1
13.1
12.9
12.9
12.9
12.9
12.9
12.9
12.9
12.9
12.9
12.7
12.7
12.7
12.7
12.7
12.7
12.7
12.7
12.7
12.4
12.4
12.4
12.4
12.4
12.4
12.4
12.4
12.2
12.2
12.2
12.2
12.2
12.2
12.2
12.2
12.2
12.0
12.0
12.0
12.0
12.0
12.0
12.0
12.0
11.8
11.8
11.8
11.8
11.8
11.8
11.8
11.8
11.8
11.6
11.6
11.6
11.6
11.6
11.6
11.6