91.0
20.0
20.0
30.0
30.0
30.0
71.5
71.5
71.5
71.5
71.5
71.5
71.5
71.5
71.5
47.6
47.6
47.6
47.6
47.6
47.6
47.6
47.6
47.6
35.7
35.7
35.7
35.7
35.7
35.7
35.7
35.7
28.6
28.6
28.6
28.6
28.6
28.6
28.6
28.6
28.6
23.8
23.8
23.8
23.8
23.8
23.8
23.8
23.8
20.4
20.4
20.4
20.4
20.4
20.4
20.4
20.4
17.8
17.8
17.8
17.8
17.8
17.8
17.8
17.8
15.8
15.8
15.8
15.8
15.8
15.8
15.8
15.8
14.3
14.3
14.3
14.3
14.3
14.3
14.3
13.0
13.0
13.0
13.0
13.0
13.0
13.0
13.0
11.9
11.9
11.9
11.9
11.9
11.9
11.9
11.9
11.0
11.0
11.0
11.0
11.0
11.0
11.0
11.0
10.2
10.2
10.2
10.2
10.2
10.2
10.2
9.5
9.5
9.5
9.5
9.5
9.5
9.5
9.5
8.9
8.9
8.9
8.9
8.9
8.9
8.9
8.9
8.4
8.4
8.4
8.4
8.4
8.4
8.4
8.4
7.9
7.9
7.9
7.9
7.9
7.9
7.9
7.9
7.5
7.5
7.5
7.5
7.5
7.5
7.5
7.5
7.1
7.1
7.1
7.1
7.1
7.1
7.1
7.1
6.8
6.8
6.8
6.8
6.8
6.8
6.8
6.8
6.8
6.5
6.5
6.5
6.5
6.5
6.5
6.5
6.5
6.2
6.2
6.2
6.2
6.2
6.2
6.2
5.9
5.9
5.9
5.9
5.9
5.9
5.9
5.9
5.7
5.7
5.7
5.7
5.7
5.7
5.7
5.7
5.7
5.5
5.5
5.5
5.5
5.5
5.5
5.5
5.5
5.2
5.2
5.2
5.2
5.2
5.2
5.2
5.2
5.1
5.1
5.1
5.1
5.1
5.1
5.1
5.1
4.9
4.9
4.9
4.9
4.9
4.9
4.9
4.9
4.7
4.7
4.7
4.7
4.7
4.7
4.7
4.7
4.7
4.7
4.6
4.6
4.6
4.6
4.6
4.6
4.6
4.6
4.6
4.5
4.6
4.8
5.0
5.2
5.5
5.9
6.2
6.3
6.5
6.7
6.9
7.1
7.4
7.6
7.9
7.9
8.2
8.5
8.7
8.8
9.0
9.1
9.3
9.5
9.4
9.5
9.7
9.9
10.2
10.5
10.7
10.9
10.8
10.9
11.1
11.4
11.6
11.9
12.2
12.4
12.2
12.4
12.7
12.9
13.2
13.4
13.6
13.8
14.1
14.1
14.3
14.6
14.9
15.2
15.5
15.8
16.2
16.5
16.4
16.8
17.2
17.6
18.0
18.4
18.7
18.7
18.7
18.7
18.2
18.2
18.2
18.2
18.2
18.2
18.2
18.2
17.8
17.8
17.8
17.8
17.8
17.8
17.8
17.8
17.8
17.4
17.4
17.4
17.4
17.4
17.4
17.4
17.4
17.4
17.0
17.0
17.0
17.0
17.0
17.0
17.0
17.0
17.0
16.6
16.6
16.6
16.6
16.6
16.6
16.6
16.2
16.2
16.2
16.2
16.2
16.2
16.2
16.2
15.8
15.8
15.8
15.8
15.8
15.8
15.8
15.8
15.5
15.5
15.5
15.5
15.5
15.5
15.5
15.5
15.2
15.2
15.2
15.2
15.2
15.2
15.2
15.2
14.9
14.9
14.9
14.9
14.9
14.9
14.9
14.9
14.6
14.6
14.6
14.6
14.6
14.6
14.6
14.3
14.3
14.3
14.3
14.3
14.3
14.3
14.3
14.0