70.5
70.5
70.5
70.5
70.5
70.5
70.5
70.5
47.0
47.0
47.0
47.0
47.0
47.0
47.0
47.0
47.0
35.2
35.2
35.2
35.2
35.2
35.2
35.2
35.2
35.2
28.2
28.2
28.2
28.2
28.2
28.2
28.2
28.2
28.2
23.5
23.5
23.5
23.5
23.5
23.5
23.5
23.5
23.5
20.1
20.1
20.1
20.1
20.1
20.1
20.1
20.1
17.6
17.6
17.6
17.6
17.6
17.6
17.6
17.6
15.6
15.6
15.6
15.6
15.6
15.6
15.6
15.6
14.1
14.1
14.1
14.1
14.1
14.1
14.1
14.1
12.8
12.8
12.8
12.8
12.8
12.8
12.8
11.7
11.7
11.7
11.7
11.7
11.7
11.7
11.7
10.8
10.8
10.8
10.8
10.8
10.8
10.8
10.8
10.0
10.0
10.0
10.0
10.0
10.0
10.0
10.0
9.4
9.4
9.4
9.4
9.4
9.4
9.4
8.8
8.8
8.8
8.8
8.8
8.8
8.8
8.8
8.2
8.2
8.2
8.2
8.2
8.2
8.2
8.2
7.8
7.8
7.8
7.8
7.8
7.8
7.8
7.8
7.4
7.4
7.4
7.4
7.4
7.4
7.4
7.4
7.0
7.0
7.0
7.0
7.0
7.0
7.0
6.7
6.7
6.7
6.7
6.7
6.7
6.7
6.7
6.7
6.4
6.4
6.4
6.4
6.4
6.4
6.4
6.4
6.1
6.1
6.1
6.1
6.1
6.1
6.1
6.1
5.8
5.8
5.8
5.8
5.8
5.8
5.8
5.8
5.6
5.6
5.6
5.6
5.6
5.6
5.6
5.4
5.4
5.4
5.4
5.4
5.4
5.4
5.4
5.4
5.2
5.2
5.2
5.2
5.2
5.2
5.2
5.2
5.0
5.0
5.0
5.0
5.0
5.0
5.0
5.0
4.8
4.8
4.8
4.8
4.8
4.8
4.8
4.8
4.7
4.7
4.7
4.7
4.7
4.7
4.7
4.7
4.5
4.5
4.5
4.5
4.5
4.5
4.5
4.5
4.5
4.6
4.7
5.0
5.4
5.7
6.0
6.4
6.7
7.0
7.4
7.3
7.6
7.9
8.2
8.4
8.6
8.8
9.0
8.9
9.1
9.3
9.5
9.7
9.8
10.0
10.2
10.3
10.6
10.8
11.1
11.4
11.7
11.9
12.1
12.4
12.3
12.6
12.9
13.2
13.5
13.8
14.0
14.4
14.2
14.6
14.9
15.1
15.2
15.4
15.7
16.0
16.2
16.1
16.4
16.7
17.0
17.2
17.5
17.7
17.9
17.6
18.0
18.2
18.5
18.8
19.0
19.3
19.3
19.3
18.8
18.8
18.8
18.8
18.8
18.8
18.8
18.8
18.8
18.8
18.3
18.3
18.3
18.3
18.3
18.3
18.3
18.3
18.3
17.9
17.9
17.9
17.9
17.9
17.9
17.9
17.9
17.5
17.5
17.5
17.5
17.5
17.5
17.5
17.5
17.5
17.1
17.1
17.1
17.1
17.1
17.1
17.1
17.1
17.1
16.7
16.7
16.7
16.7
16.7
16.7
16.7
16.3
16.3
16.3
16.3
16.3
16.3
16.3
16.3
16.0
16.0
16.0
16.0
16.0
16.0
16.0
16.0
15.6
15.6
15.6
15.6
15.6
15.6
15.6
15.6
15.3
15.3
15.3
15.3
15.3
15.3
15.3
15.3
15.0
15.0
15.0
15.0
15.0
15.0
15.0
14.7
14.7
14.7
14.7
14.7
14.7
14.7
14.7
14.4
14.4
14.4
14.4
14.4
14.4
14.4
14.4