71.5
71.5
47.6
47.6
47.6
47.6
47.6
47.6
47.6
47.6
47.6
47.6
35.7
35.7
35.7
35.7
35.7
35.7
35.7
35.7
35.7
28.6
28.6
28.6
28.6
28.6
28.6
28.6
28.6
23.8
23.8
23.8
23.8
23.8
23.8
23.8
23.8
23.8
20.4
20.4
20.4
20.4
20.4
20.4
20.4
20.4
20.4
17.8
17.8
17.8
17.8
17.8
17.8
17.8
17.8
15.8
15.8
15.8
15.8
15.8
15.8
15.8
15.8
14.3
14.3
14.3
14.3
14.3
14.3
14.3
14.3
13.0
13.0
13.0
13.0
13.0
13.0
13.0
13.0
11.9
11.9
11.9
11.9
11.9
11.9
11.9
11.0
11.0
11.0
11.0
11.0
11.0
11.0
11.0
10.2
10.2
10.2
10.2
10.2
10.2
10.2
10.2
9.5
9.5
9.5
9.5
9.5
9.5
9.5
9.5
8.9
8.9
8.9
8.9
8.9
8.9
8.9
8.4
8.4
8.4
8.4
8.4
8.4
8.4
8.4
7.9
7.9
7.9
7.9
7.9
7.9
7.9
7.9
7.5
7.5
7.5
7.5
7.5
7.5
7.5
7.5
7.1
7.1
7.1
7.1
7.1
7.1
7.1
7.1
6.8
6.8
6.8
6.8
6.8
6.8
6.8
6.5
6.5
6.5
6.5
6.5
6.5
6.5
6.5
6.5
6.2
6.2
6.2
6.2
6.2
6.2
6.2
6.2
5.9
5.9
5.9
5.9
5.9
5.9
5.9
5.9
5.7
5.7
5.7
5.7
5.7
5.7
5.7
5.5
5.5
5.5
5.5
5.5
5.5
5.5
5.5
5.2
5.2
5.2
5.2
5.2
5.2
5.2
5.2
5.1
5.1
5.1
5.1
5.1
5.1
5.1
5.1
4.9
4.9
4.9
4.9
4.9
4.9
4.9
4.9
4.7
4.7
4.7
4.7
4.7
4.7
4.7
4.7
4.6
4.6
4.6
4.6
4.6
4.6
4.6
4.8
4.9
5.2
5.6
6.0
6.5
6.9
7.2
7.6
8.0
8.1
8.5
8.8
9.1
9.4
9.7
10.1
10.3
10.6
10.6
10.7
11.0
11.3
11.6
11.8
12.0
12.1
12.0
12.1
12.3
12.4
12.6
12.9
13.1
13.3
13.6
13.3
13.5
13.7
13.8
14.0
14.2
14.5
14.7
14.5
14.6
14.8
15.1
15.4
15.6
15.8
16.0
15.7
15.9
16.2
16.4
16.6
16.7
17.0
17.3
17.1
17.4
17.6
17.9
18.1
18.4
18.7
19.0
19.1
18.6
18.6
18.6
18.6
18.6
18.6
18.6
18.6
18.6
18.6
18.2
18.2
18.2
18.2
18.2
18.2
18.2
18.2
18.2
17.7
17.7
17.7
17.7
17.7
17.7
17.7
17.7
17.7
17.3
17.3
17.3
17.3
17.3
17.3
17.3
17.3
17.3
16.9
16.9
16.9
16.9
16.9
16.9
16.9
16.9
16.9
16.6
16.6
16.6
16.6
16.6
16.6
16.6
16.6
16.6
16.2
16.2
16.2
16.2
16.2
16.2
16.2
16.2
15.8
15.8
15.8
15.8
15.8
15.8
15.8
15.8
15.5
15.5
15.5
15.5
15.5
15.5
15.5
15.5
15.2
15.2
15.2
15.2
15.2
15.2
15.2
15.2
14.9
14.9
14.9
14.9
14.9
14.9
14.9
14.9
14.6
14.6
14.6
14.6
14.6
14.6
14.6
14.6
14.3
14.3
14.3
14.3
14.3
14.3
14.3
14.0
14.0
14.0
14.0