53.0
61.0
73.0
83.0
93.0
40.0
30.0
62.0
67.0
68.5
68.5
68.5
68.5
68.5
68.5
68.5
45.6
45.6
45.6
45.6
45.6
45.6
45.6
45.6
45.6
34.2
34.2
34.2
34.2
34.2
34.2
34.2
34.2
34.2
27.4
27.4
27.4
27.4
27.4
27.4
27.4
27.4
27.4
22.8
22.8
22.8
22.8
22.8
22.8
22.8
22.8
22.8
19.5
19.5
19.5
19.5
19.5
19.5
19.5
19.5
19.5
17.1
17.1
17.1
17.1
17.1
17.1
17.1
17.1
17.1
15.2
15.2
15.2
15.2
15.2
15.2
15.2
15.2
15.2
13.7
13.7
13.7
13.7
13.7
13.7
13.7
13.7
13.7
12.4
12.4
12.4
12.4
12.4
12.4
12.4
12.4
12.4
11.4
11.4
11.4
11.4
11.4
11.4
11.4
11.4
11.4
10.5
10.5
10.5
10.5
10.5
10.5
10.5
10.5
10.5
9.7
9.7
9.7
9.7
9.7
9.7
9.7
9.7
9.1
9.1
9.1
9.1
9.1
9.1
9.1
9.1
9.1
8.5
8.5
8.5
8.5
8.5
8.5
8.5
8.5
8.5
8.0
8.0
8.0
8.0
8.0
8.0
8.0
8.0
8.0
7.6
7.6
7.6
7.6
7.6
7.6
7.6
7.6
7.6
7.2
7.2
7.2
7.2
7.2
7.2
7.2
7.2
7.2
6.8
6.8
6.8
6.8
6.8
6.8
6.8
6.8
6.8
6.5
6.5
6.5
6.5
6.5
6.5
6.5
6.5
6.5
6.2
6.2
6.2
6.2
6.2
6.2
6.2
6.2
6.2
5.9
5.9
5.9
5.9
5.9
5.9
5.9
5.9
5.9
5.7
5.7
5.7
5.7
5.7
5.7
5.7
5.7
5.7
5.4
5.4
5.4
5.4
5.4
5.4
5.4
5.4
5.4
5.2
5.2
5.2
5.2
5.2
5.2
5.2
5.2
5.2
5.0
5.0
5.0
5.0
5.0
5.0
5.0
5.0
5.0
5.0
4.8
4.8
4.8
4.8
4.8
4.8
4.8
4.8
4.8
4.7
4.7
4.7
4.7
4.7
4.7
4.7
4.7
4.7
4.5
4.5
4.5
4.5
4.5
4.5
4.5
4.5
4.5
4.4
4.4
4.4
4.4
4.4
4.4
4.4
4.4
4.4
4.2
4.3
4.6
4.9
5.2
5.7
6.3
6.8
7.3
7.6
8.1
8.6
9.1
9.6
10.1
10.6
11.0
11.5
12.0
12.2
12.7
13.1
13.6
14.1
14.5
15.0
15.5
16.0
16.0
16.5
17.0
17.4
17.9
17.9
17.9
17.9
17.9
17.9
17.4
17.4
17.4
17.4
17.4
17.4
17.4
17.4
17.4
17.0
17.0
17.0
17.0
17.0
17.0
17.0
17.0
17.0
16.5
16.5
16.5
16.5
16.5
16.5
16.5
16.5
16.5
16.1
16.1
16.1
16.1
16.1
16.1
16.1
16.1
16.1
15.7
15.7
15.7
15.7
15.7
15.7
15.7
15.7
15.3
15.3
15.3
15.3
15.3
15.3
15.3
15.3
15.3
14.9
14.9
14.9
14.9
14.9
14.9
14.9
14.9
14.9
14.6
14.6
14.6
14.6
14.6
14.6
14.6
14.6
14.6
14.2
14.2
14.2
14.2
14.2
14.2
14.2
14.2
14.2
13.9
13.9
13.9
13.9
13.9
13.9
13.9
13.9
13.9
13.6
13.6
13.6
13.6
13.6
13.6
13.6
13.6
13.6
13.3
13.3
13.3
13.3
13.3
13.3
13.3
13.3
13.3
13.1
13.1
13.1
13.1
13.1
13.1
13.1
13.1
13.1
12.8
12.8
12.8
12.8
12.8
12.8
12.8
12.8
12.8
12.5
12.5
12.5
12.5
12.5
12.5
12.5
12.5
12.3
12.3
12.3
12.3
12.3
12.3
12.3
12.3
12.3
12.0
12.0
12.0
12.0
12.0
12.0
12.0
12.0
12.0
11.8
11.8
11.8
11.8
11.8
11.8
11.8
11.8
11.8
11.6
11.6
11.6
11.6
11.6
11.6
11.6
11.6
11.6
11.4
11.4
11.4
11.4
11.4
11.4
11.4
11.4
11.4
11.2
11.2
11.2
11.2
11.2
11.2
11.2
11.2
11.2
11.0
11.0
11.0
11.0
11.0
11.0
11.0
11.0
11.0
10.8
10.8
10.8
10.8
10.8
10.8
10.8
10.8
10.8
10.6