00.0
90.0
90.0
50.0
50.0
50.0
72.5
72.5
72.5
72.5
72.5
72.5
72.5
72.5
72.5
48.3
48.3
48.3
48.3
48.3
48.3
48.3
48.3
48.3
36.2
36.2
36.2
36.2
36.2
36.2
36.2
36.2
36.2
29.0
29.0
29.0
29.0
29.0
29.0
29.0
29.0
29.0
24.1
24.1
24.1
24.1
24.1
24.1
24.1
24.1
24.1
20.7
20.7
20.7
20.7
20.7
20.7
20.7
20.7
20.7
18.1
18.1
18.1
18.1
18.1
18.1
18.1
18.1
18.1
16.1
16.1
16.1
16.1
16.1
16.1
16.1
16.1
16.1
14.5
14.5
14.5
14.5
14.5
14.5
14.5
14.5
14.5
13.1
13.1
13.1
13.1
13.1
13.1
13.1
13.1
13.1
12.0
12.0
12.0
12.0
12.0
12.0
12.0
12.0
12.0
11.1
11.1
11.1
11.1
11.1
11.1
11.1
11.1
10.3
10.3
10.3
10.3
10.3
10.3
10.3
10.3
10.3
9.6
9.6
9.6
9.6
9.6
9.6
9.6
9.6
9.0
9.0
9.0
9.0
9.0
9.0
9.0
9.0
9.0
8.5
8.5
8.5
8.5
8.5
8.5
8.5
8.5
8.5
8.0
8.0
8.0
8.0
8.0
8.0
8.0
8.0
8.0
7.6
7.6
7.6
7.6
7.6
7.6
7.6
7.6
7.6
7.2
7.2
7.2
7.2
7.2
7.2
7.2
7.2
7.2
6.9
6.9
6.9
6.9
6.9
6.9
6.9
6.9
6.5
6.5
6.5
6.5
6.5
6.5
6.5
6.5
6.5
6.3
6.3
6.3
6.3
6.3
6.3
6.3
6.3
6.3
6.0
6.0
6.0
6.0
6.0
6.0
6.0
6.0
6.0
5.8
5.8
5.8
5.8
5.8
5.8
5.8
5.8
5.8
5.5
5.5
5.5
5.5
5.5
5.5
5.5
5.5
5.5
5.3
5.3
5.3
5.3
5.3
5.3
5.3
5.3
5.3
5.1
5.1
5.1
5.1
5.1
5.1
5.1
5.1
5.1
5.0
5.0
5.0
5.0
5.0
5.0
5.0
5.0
4.8
4.8
4.8
4.8
4.8
4.8
4.8
4.8
4.8
4.6
4.6
4.6
4.6
4.6
4.6
4.6
5.0
5.3
5.4
5.9
6.5
7.0
7.5
8.0
8.4
8.8
9.3
9.3
9.7
10.1
10.5
10.8
11.2
11.6
12.0
12.3
12.7
12.8
13.1
13.5
13.9
14.2
14.6
15.0
15.3
15.7
15.6
16.0
16.3
16.7
17.1
17.4
17.8
18.1
18.5
18.8
18.6
19.0
19.3
19.4
19.4
19.4
19.4
19.4
19.4
18.8
18.8
18.8
18.8
18.8
18.8
18.8
18.8
18.8
18.3
18.3
18.3
18.3
18.3
18.3
18.3
18.3
18.3
17.9
17.9
17.9
17.9
17.9
17.9
17.9
17.9
17.9
17.4
17.4
17.4
17.4
17.4
17.4
17.4
17.4
17.4
17.0
17.0
17.0
17.0
17.0
17.0
17.0
17.0
17.0
16.6
16.6
16.6
16.6
16.6
16.6
16.6
16.6
16.2
16.2
16.2
16.2
16.2
16.2
16.2
16.2
16.2
15.8
15.8
15.8
15.8
15.8
15.8
15.8
15.8
15.8
15.5
15.5
15.5
15.5
15.5
15.5
15.5
15.5
15.1
15.1
15.1
15.1
15.1
15.1
15.1
15.1
15.1
14.8
14.8
14.8
14.8
14.8
14.8
14.8
14.8
14.5
14.5
14.5
14.5
14.5
14.5
14.5
14.5
14.5
14.2
14.2
14.2
14.2
14.2
14.2
14.2
14.2
14.2
13.9
13.9
13.9
13.9
13.9
13.9
13.9
13.9
13.7
13.7
13.7
13.7
13.7
13.7
13.7
13.7
13.7
13.4
13.4
13.4
13.4
13.4
13.4
13.4
13.4
13.1
13.1
13.1
13.1
13.1
13.1
13.1
13.1
13.1
12.9
12.9
12.9
12.9
12.9
12.9
12.9
12.9
12.9
12.7
12.7
12.7
12.7
12.7
12.7
12.7
12.7
12.4
12.4
12.4
12.4
12.4
12.4
12.4
12.4
12.4
12.2
12.2
12.2
12.2
12.2
12.2
12.2
12.2
12.2
12.0
12.0
12.0
12.0
12.0
12.0
12.0
12.0
11.8
11.8
11.8
11.8
11.8
11.8
11.8
11.8
11.8
11.6
11.6