50.0
90.0
30.0
30.0
73.5
73.5
73.5
73.5
73.5
73.5
73.5
73.5
73.5
49.0
49.0
49.0
49.0
49.0
49.0
49.0
49.0
49.0
49.0
36.7
36.7
36.7
36.7
36.7
36.7
36.7
36.7
36.7
29.4
29.4
29.4
29.4
29.4
29.4
29.4
29.4
29.4
24.5
24.5
24.5
24.5
24.5
24.5
24.5
24.5
24.5
21.0
21.0
21.0
21.0
21.0
21.0
21.0
21.0
21.0
18.3
18.3
18.3
18.3
18.3
18.3
18.3
18.3
16.3
16.3
16.3
16.3
16.3
16.3
16.3
16.3
16.3
14.7
14.7
14.7
14.7
14.7
14.7
14.7
14.7
14.7
13.3
13.3
13.3
13.3
13.3
13.3
13.3
13.3
13.3
12.2
12.2
12.2
12.2
12.2
12.2
12.2
12.2
12.2
11.3
11.3
11.3
11.3
11.3
11.3
11.3
11.3
10.5
10.5
10.5
10.5
10.5
10.5
10.5
10.5
10.5
9.8
9.8
9.8
9.8
9.8
9.8
9.8
9.8
9.1
9.1
9.1
9.1
9.1
9.1
9.1
9.1
9.1
8.6
8.6
8.6
8.6
8.6
8.6
8.6
8.6
8.6
8.1
8.1
8.1
8.1
8.1
8.1
8.1
8.1
7.7
7.7
7.7
7.7
7.7
7.7
7.7
7.7
7.7
7.3
7.3
7.3
7.3
7.3
7.3
7.3
7.3
7.3
7.0
7.0
7.0
7.0
7.0
7.0
7.0
7.0
7.0
6.6
6.6
6.6
6.6
6.6
6.6
6.6
6.6
6.6
6.3
6.3
6.3
6.3
6.3
6.3
6.3
6.3
6.3
6.1
6.1
6.1
6.1
6.1
6.1
6.1
6.1
6.1
5.8
5.8
5.8
5.8
5.8
5.8
5.8
5.8
5.6
5.6
5.6
5.6
5.6
5.6
5.6
5.6
5.6
5.4
5.4
5.4
5.4
5.4
5.4
5.4
5.4
5.4
5.2
5.2
5.2
5.2
5.2
5.2
5.2
5.2
5.2
5.0
5.0
5.0
5.0
5.0
5.0
5.0
5.0
5.0
4.9
4.9
4.9
4.9
4.9
4.9
4.9
4.9
4.9
4.7
4.7
4.7
4.7
4.7
4.7
4.7
4.7
4.7
4.7
5.0
5.4
5.8
6.3
6.7
7.2
7.6
8.0
8.2
8.5
8.9
9.2
9.6
10.0
10.4
10.7
11.1
11.4
11.5
11.9
12.2
12.6
12.9
13.3
13.7
14.1
14.4
14.4
14.7
15.1
15.5
15.8
16.2
16.5
16.8
17.2
17.5
17.3
17.7
18.1
18.4
18.8
19.2
19.2
19.2
19.2
18.7
18.7
18.7
18.7
18.7
18.7
18.7
18.7
18.7
18.2
18.2
18.2
18.2
18.2
18.2
18.2
18.2
18.2
17.7
17.7
17.7
17.7
17.7
17.7
17.7
17.7
17.7
17.3
17.3
17.3
17.3
17.3
17.3
17.3
17.3
17.3
16.8
16.8
16.8
16.8
16.8
16.8
16.8
16.8
16.8
16.4
16.4
16.4
16.4
16.4
16.4
16.4
16.4
16.0
16.0
16.0
16.0
16.0
16.0
16.0
16.0
16.0
15.7
15.7
15.7
15.7
15.7
15.7
15.7
15.7
15.7
15.3
15.3
15.3
15.3
15.3
15.3
15.3
15.3
15.0
15.0
15.0
15.0
15.0
15.0
15.0
15.0
15.0
14.7
14.7
14.7
14.7
14.7
14.7
14.7
14.7
14.7
14.4
14.4
14.4
14.4
14.4
14.4
14.4
14.4
14.1
14.1
14.1
14.1
14.1
14.1
14.1
14.1
14.1
13.8
13.8
13.8
13.8
13.8
13.8
13.8
13.8
13.5
13.5
13.5
13.5
13.5
13.5
13.5
13.5
13.5
13.3
13.3
13.3
13.3
13.3
13.3
13.3
13.3
13.3
13.0
13.0
13.0
13.0
13.0
13.0
13.0
13.0
12.8
12.8
12.8
12.8
12.8
12.8
12.8
12.8
12.8
12.5
12.5
12.5
12.5
12.5
12.5
12.5
12.5
12.3
12.3
12.3
12.3
12.3
12.3
12.3
12.3
12.3
12.1
12.1
12.1
12.1
12.1
12.1
12.1
12.1
12.1
11.9
11.9
11.9
11.9
11.9
11.9
11.9
11.9
11.7
11.7
11.7
11.7
11.7
11.7
11.7
11.7
11.7
11.5
11.5
11.5
11.5