14.0
30.0
41.0
51.0
61.0
71.0
83.0
93.0
30.0
56.5
61.5
66.5
66.5
66.5
66.5
66.5
66.5
66.5
44.3
44.3
44.3
44.3
44.3
44.3
44.3
44.3
44.3
33.2
33.2
33.2
33.2
33.2
33.2
33.2
33.2
33.2
33.2
26.6
26.6
26.6
26.6
26.6
26.6
26.6
26.6
22.1
22.1
22.1
22.1
22.1
22.1
22.1
22.1
22.1
19.0
19.0
19.0
19.0
19.0
19.0
19.0
19.0
19.0
19.0
16.6
16.6
16.6
16.6
16.6
16.6
16.6
16.6
16.6
14.7
14.7
14.7
14.7
14.7
14.7
14.7
14.7
14.7
13.3
13.3
13.3
13.3
13.3
13.3
13.3
13.3
13.3
12.0
12.0
12.0
12.0
12.0
12.0
12.0
12.0
12.0
11.0
11.0
11.0
11.0
11.0
11.0
11.0
11.0
11.0
10.2
10.2
10.2
10.2
10.2
10.2
10.2
10.2
10.2
9.5
9.5
9.5
9.5
9.5
9.5
9.5
9.5
8.8
8.8
8.8
8.8
8.8
8.8
8.8
8.8
8.8
8.3
8.3
8.3
8.3
8.3
8.3
8.3
8.3
8.3
7.8
7.8
7.8
7.8
7.8
7.8
7.8
7.8
7.8
7.3
7.3
7.3
7.3
7.3
7.3
7.3
7.3
7.3
7.0
7.0
7.0
7.0
7.0
7.0
7.0
7.0
7.0
6.6
6.6
6.6
6.6
6.6
6.6
6.6
6.6
6.6
6.3
6.3
6.3
6.3
6.3
6.3
6.3
6.3
6.3
6.0
6.0
6.0
6.0
6.0
6.0
6.0
6.0
6.0
6.0
5.7
5.7
5.7
5.7
5.7
5.7
5.7
5.7
5.7
5.5
5.5
5.5
5.5
5.5
5.5
5.5
5.5
5.5
5.3
5.3
5.3
5.3
5.3
5.3
5.3
5.3
5.3
5.1
5.1
5.1
5.1
5.1
5.1
5.1
5.1
5.1
4.9
4.9
4.9
4.9
4.9
4.9
4.9
4.9
4.9
4.7
4.7
4.7
4.7
4.7
4.7
4.7
4.7
4.7
4.5
4.5
4.5
4.5
4.5
4.5
4.5
4.5
4.5
4.4
4.4
4.4
4.4
4.4
4.4
4.4
4.4
4.4
4.2
4.2
4.2
4.2
4.2
4.2
4.2
4.2
4.2
4.1
4.1
4.1
4.2
4.5
4.8
5.1
5.7
6.3
6.9
7.2
7.8
8.3
8.9
9.4
9.9
10.3
10.7
11.2
11.7
11.9
12.4
12.9
13.5
14.0
14.5
15.1
15.6
16.2
16.2
16.7
17.3
17.8
18.3
18.9
19.3
19.9
19.9
19.9
19.4
19.4
19.4
19.4
19.4
19.4
19.4
19.4
19.4
18.8
18.8
18.8
18.8
18.8
18.8
18.8
18.8
18.8
18.3
18.3
18.3
18.3
18.3
18.3
18.3
18.3
18.3
17.9
17.9
17.9
17.9
17.9
17.9
17.9
17.9
17.9
17.4
17.4
17.4
17.4
17.4
17.4
17.4
17.4
17.4
17.0
17.0
17.0
17.0
17.0
17.0
17.0
17.0
17.0
16.6
16.6
16.6
16.6
16.6
16.6
16.6
16.6
16.6
16.2
16.2
16.2
16.2
16.2
16.2
16.2
16.2
16.2
15.8
15.8
15.8
15.8
15.8
15.8
15.8
15.8
15.8
15.5
15.5
15.5
15.5
15.5
15.5
15.5
15.5
15.5
15.1
15.1
15.1
15.1
15.1
15.1
15.1
15.1
15.1
14.8
14.8
14.8
14.8
14.8
14.8
14.8
14.8
14.8
14.5
14.5
14.5
14.5
14.5
14.5
14.5
14.5
14.5
14.2
14.2
14.2
14.2
14.2
14.2
14.2
14.2
14.2
13.9
13.9
13.9
13.9
13.9
13.9
13.9
13.9
13.9
13.7
13.7
13.7
13.7
13.7
13.7
13.7
13.7
13.4
13.4
13.4
13.4
13.4
13.4
13.4
13.4
13.4
13.1
13.1
13.1
13.1
13.1
13.1
13.1
13.1
13.1
12.9
12.9
12.9
12.9
12.9
12.9
12.9
12.9
12.9
12.7
12.7
12.7
12.7
12.7
12.7
12.7
12.7
12.7
12.4
12.4
12.4
12.4
12.4
12.4
12.4
12.4
12.4
12.2
12.2
12.2
12.2
12.2
12.2
12.2
12.2
12.2
12.0
12.0
12.0
12.0
12.0