48.3
48.3
48.3
48.3
48.3
36.2
36.2
36.2
36.2
36.2
36.2
36.2
36.2
36.2
29.0
29.0
29.0
29.0
29.0
29.0
29.0
29.0
29.0
24.1
24.1
24.1
24.1
24.1
24.1
24.1
24.1
24.1
20.7
20.7
20.7
20.7
20.7
20.7
20.7
20.7
18.1
18.1
18.1
18.1
18.1
18.1
18.1
18.1
16.1
16.1
16.1
16.1
16.1
16.1
16.1
16.1
14.5
14.5
14.5
14.5
14.5
14.5
14.5
13.1
13.1
13.1
13.1
13.1
13.1
13.1
13.1
12.0
12.0
12.0
12.0
12.0
12.0
12.0
12.0
11.1
11.1
11.1
11.1
11.1
11.1
11.1
11.1
10.3
10.3
10.3
10.3
10.3
10.3
10.3
9.6
9.6
9.6
9.6
9.6
9.6
9.6
9.6
9.0
9.0
9.0
9.0
9.0
9.0
9.0
9.0
8.5
8.5
8.5
8.5
8.5
8.5
8.5
8.5
8.0
8.0
8.0
8.0
8.0
8.0
8.0
8.0
7.6
7.6
7.6
7.6
7.6
7.6
7.6
7.2
7.2
7.2
7.2
7.2
7.2
7.2
7.2
6.9
6.9
6.9
6.9
6.9
6.9
6.9
6.9
6.5
6.5
6.5
6.5
6.5
6.5
6.5
6.5
6.3
6.3
6.3
6.3
6.3
6.3
6.3
6.0
6.0
6.0
6.0
6.0
6.0
6.0
6.0
5.8
5.8
5.8
5.8
5.8
5.8
5.8
5.8
5.5
5.5
5.5
5.5
5.5
5.5
5.5
5.5
5.3
5.3
5.3
5.3
5.3
5.3
5.3
5.1
5.1
5.1
5.1
5.1
5.1
5.1
5.1
5.0
5.0
5.0
5.0
5.0
5.0
5.0
5.0
4.8
4.8
4.8
4.8
4.8
4.8
4.8
4.8
4.6
4.6
4.6
4.6
4.6
4.6
4.6
4.5
4.5
4.5
4.5
4.5
4.5
4.8
5.1
5.4
5.7
6.1
6.5
6.9
7.4
7.7
8.1
8.5
8.9
9.2
9.3
9.5
9.7
10.0
10.2
10.4
10.6
11.0
10.9
11.1
11.3
11.5
11.7
12.0
12.3
12.6
12.9
12.7
12.9
13.1
13.3
13.4
13.6
13.9
14.1
14.1
14.3
14.6
14.8
15.0
15.2
15.4
15.6
15.3
15.5
15.7
15.8
16.0
16.2
16.3
16.5
16.7
16.5
16.6
16.9
17.2
17.4
17.5
17.8
18.0
17.9
18.1
18.3
18.5
18.7
18.7
18.7
18.7
18.7
18.2
18.2
18.2
18.2
18.2
18.2
18.2
18.2
18.2
18.2
17.8
17.8
17.8
17.8
17.8
17.8
17.8
17.8
17.8
17.4
17.4
17.4
17.4
17.4
17.4
17.4
17.4
17.4
17.0
17.0
17.0
17.0
17.0
17.0
17.0
17.0
17.0
16.6
16.6
16.6
16.6
16.6
16.6
16.6
16.6
16.3
16.3
16.3
16.3
16.3
16.3
16.3
16.3
16.3
15.9
15.9
15.9
15.9
15.9
15.9
15.9
15.9
15.9
15.6
15.6
15.6
15.6
15.6
15.6
15.6
15.6
15.3
15.3
15.3
15.3
15.3
15.3
15.3
15.3
15.3
15.0
15.0
15.0
15.0
15.0
15.0
15.0
15.0
14.7
14.7
14.7
14.7
14.7
14.7
14.7
14.7
14.7
14.4
14.4
14.4
14.4
14.4
14.4
14.4
14.4
14.1
14.1
14.1
14.1
14.1
14.1
14.1
14.1
14.1