60.0
65.0
70.0
70.0
70.0
70.0
70.0
70.0
70.0
46.6
46.6
46.6
46.6
46.6
46.6
46.6
46.6
46.6
35.0
35.0
35.0
35.0
35.0
35.0
35.0
35.0
35.0
28.0
28.0
28.0
28.0
28.0
28.0
28.0
28.0
23.3
23.3
23.3
23.3
23.3
23.3
23.3
23.3
20.0
20.0
20.0
20.0
20.0
20.0
20.0
20.0
17.5
17.5
17.5
17.5
17.5
17.5
17.5
15.5
15.5
15.5
15.5
15.5
15.5
15.5
15.5
14.0
14.0
14.0
14.0
14.0
14.0
14.0
14.0
12.7
12.7
12.7
12.7
12.7
12.7
12.7
12.7
11.6
11.6
11.6
11.6
11.6
11.6
11.6
10.7
10.7
10.7
10.7
10.7
10.7
10.7
10.7
10.0
10.0
10.0
10.0
10.0
10.0
10.0
10.0
9.3
9.3
9.3
9.3
9.3
9.3
9.3
9.3
8.7
8.7
8.7
8.7
8.7
8.7
8.7
8.2
8.2
8.2
8.2
8.2
8.2
8.2
8.2
7.7
7.7
7.7
7.7
7.7
7.7
7.7
7.7
7.3
7.3
7.3
7.3
7.3
7.3
7.3
7.3
7.0
7.0
7.0
7.0
7.0
7.0
7.0
7.0
6.6
6.6
6.6
6.6
6.6
6.6
6.6
6.3
6.3
6.3
6.3
6.3
6.3
6.3
6.3
6.0
6.0
6.0
6.0
6.0
6.0
6.0
6.0
5.8
5.8
5.8
5.8
5.8
5.8
5.8
5.8
5.6
5.6
5.6
5.6
5.6
5.6
5.6
5.3
5.3
5.3
5.3
5.3
5.3
5.3
5.3
5.1
5.1
5.1
5.1
5.1
5.1
5.1
5.1
5.0
5.0
5.0
5.0
5.0
5.0
5.0
5.0
4.8
4.8
4.8
4.8
4.8
4.8
4.8
4.6
4.6
4.6
4.6
4.6
4.6
4.6
4.6
4.6
4.6
4.5
4.5
4.5
4.5
4.5
4.5
4.5
4.5
4.5
4.3
4.3
4.3
4.4
4.6
4.8
4.9
5.3
5.5
5.5
5.7
6.0
6.4
6.7
6.8
7.0
7.3
7.5
7.5
7.8
8.1
8.4
8.6
8.9
9.2
9.4
9.3
9.4
9.6
9.9
10.0
10.2
10.4
10.6
10.5
10.7
11.0
11.3
11.6
11.8
12.1
12.2
12.3
12.2
12.4
12.6
12.8
12.9
13.1
13.3
13.5
13.3
13.5
13.6
13.8
13.9
14.1
14.3
14.6
14.8
14.7
15.0
15.2
15.5
15.8
16.1
16.5
16.8
17.2
17.1
17.5
17.8
18.2
18.4
18.4
18.4
18.4
18.4
17.9
17.9
17.9
17.9
17.9
17.9
17.9
17.9
17.9
17.5
17.5
17.5
17.5
17.5
17.5
17.5
17.5
17.5
17.1
17.1
17.1
17.1
17.1
17.1
17.1
17.1
17.1
16.7
16.7
16.7
16.7
16.7
16.7
16.7
16.7
16.7
16.3
16.3
16.3
16.3
16.3
16.3
16.3
16.3
16.0
16.0
16.0
16.0
16.0
16.0
16.0
16.0
16.0
15.6
15.6
15.6
15.6
15.6
15.6
15.6
15.6
15.3
15.3
15.3
15.3
15.3
15.3
15.3
15.3
15.3
15.0
15.0
15.0
15.0
15.0
15.0
15.0
15.0
15.0
14.7
14.7
14.7
14.7
14.7
14.7
14.7
14.7
14.4
14.4
14.4
14.4
14.4
14.4
14.4
14.4
14.4
14.1
14.1
14.1
14.1