46.0
51.0
56.5
61.5
66.5
67.5
67.5
67.5
45.0
45.0
45.0
45.0
45.0
45.0
45.0
45.0
45.0
33.7
33.7
33.7
33.7
33.7
33.7
33.7
33.7
33.7
27.0
27.0
27.0
27.0
27.0
27.0
27.0
27.0
22.5
22.5
22.5
22.5
22.5
22.5
22.5
22.5
19.2
19.2
19.2
19.2
19.2
19.2
19.2
19.2
16.8
16.8
16.8
16.8
16.8
16.8
16.8
15.0
15.0
15.0
15.0
15.0
15.0
15.0
15.0
13.5
13.5
13.5
13.5
13.5
13.5
13.5
13.5
12.2
12.2
12.2
12.2
12.2
12.2
12.2
12.2
11.2
11.2
11.2
11.2
11.2
11.2
11.2
10.3
10.3
10.3
10.3
10.3
10.3
10.3
10.3
9.6
9.6
9.6
9.6
9.6
9.6
9.6
9.6
9.0
9.0
9.0
9.0
9.0
9.0
9.0
9.0
8.4
8.4
8.4
8.4
8.4
8.4
8.4
7.9
7.9
7.9
7.9
7.9
7.9
7.9
7.9
7.5
7.5
7.5
7.5
7.5
7.5
7.5
7.5
7.1
7.1
7.1
7.1
7.1
7.1
7.1
7.1
6.7
6.7
6.7
6.7
6.7
6.7
6.7
6.7
6.4
6.4
6.4
6.4
6.4
6.4
6.4
6.1
6.1
6.1
6.1
6.1
6.1
6.1
6.1
5.8
5.8
5.8
5.8
5.8
5.8
5.8
5.8
5.6
5.6
5.6
5.6
5.6
5.6
5.6
5.6
5.4
5.4
5.4
5.4
5.4
5.4
5.4
5.1
5.1
5.1
5.1
5.1
5.1
5.1
5.1
5.0
5.0
5.0
5.0
5.0
5.0
5.0
5.0
4.8
4.8
4.8
4.8
4.8
4.8
4.8
4.8
4.6
4.6
4.6
4.6
4.6
4.6
4.6
4.5
4.5
4.5
4.5
4.5
4.5
4.5
4.5
4.5
4.5
4.3
4.3
4.3
4.3
4.3
4.3
4.3
4.3
4.3
4.2
4.2
4.2
4.2
4.2
4.2
4.3
4.5
4.6
4.7
5.0
5.3
5.6
5.7
6.0
6.1
6.3
6.6
6.7
7.0
7.3
7.5
7.6
7.8
8.0
8.2
8.1
8.2
8.4
8.6
8.8
9.1
9.3
9.5
9.7
9.6
10.0
10.3
10.5
10.8
11.1
11.4
11.7
11.6
11.8
12.0
12.1
12.3
12.6
12.8
13.1
13.1
13.3
13.5
13.7
13.9
14.1
14.4
14.7
15.0
14.9
15.2
15.4
15.7
16.0
16.3
16.7
17.0
17.4
17.7
17.6
18.0
18.3
18.3
18.3
18.3
18.3
18.3
18.3
17.9
17.9
17.9
17.9
17.9
17.9
17.9
17.9
17.9
17.5
17.5
17.5
17.5
17.5
17.5
17.5
17.5
17.5
17.0
17.0
17.0
17.0
17.0
17.0
17.0
17.0
16.7
16.7
16.7
16.7
16.7
16.7
16.7
16.7
16.7
16.3
16.3
16.3
16.3
16.3
16.3
16.3
16.3
16.3
15.9
15.9
15.9
15.9
15.9
15.9
15.9
15.9
15.6
15.6
15.6
15.6
15.6
15.6
15.6
15.6
15.6
15.3
15.3
15.3
15.3
15.3
15.3
15.3
15.3
15.0
15.0
15.0
15.0
15.0
15.0
15.0
15.0
15.0
14.7
14.7
14.7
14.7
14.7
14.7
14.7
14.7
14.4
14.4
14.4
14.4
14.4
14.4
14.4
14.4
14.4
14.1
14.1
14.1
14.1
14.1
14.1