62.0
72.0
41.5
46.0
51.5
57.0
62.0
67.0
67.0
67.0
67.0
67.0
44.6
44.6
44.6
44.6
44.6
44.6
44.6
44.6
44.6
33.5
33.5
33.5
33.5
33.5
33.5
33.5
33.5
33.5
26.8
26.8
26.8
26.8
26.8
26.8
26.8
26.8
26.8
22.3
22.3
22.3
22.3
22.3
22.3
22.3
22.3
19.1
19.1
19.1
19.1
19.1
19.1
19.1
19.1
19.1
16.7
16.7
16.7
16.7
16.7
16.7
16.7
16.7
16.7
14.8
14.8
14.8
14.8
14.8
14.8
14.8
14.8
14.8
14.8
13.4
13.4
13.4
13.4
13.4
13.4
13.4
13.4
13.4
12.1
12.1
12.1
12.1
12.1
12.1
12.1
12.1
12.1
11.1
11.1
11.1
11.1
11.1
11.1
11.1
11.1
11.1
10.3
10.3
10.3
10.3
10.3
10.3
10.3
10.3
10.3
9.5
9.5
9.5
9.5
9.5
9.5
9.5
9.5
9.5
8.9
8.9
8.9
8.9
8.9
8.9
8.9
8.9
8.9
8.3
8.3
8.3
8.3
8.3
8.3
8.3
8.3
8.3
7.8
7.8
7.8
7.8
7.8
7.8
7.8
7.8
7.4
7.4
7.4
7.4
7.4
7.4
7.4
7.4
7.4
7.0
7.0
7.0
7.0
7.0
7.0
7.0
7.0
6.7
6.7
6.7
6.7
6.7
6.7
6.7
6.7
6.7
6.3
6.3
6.3
6.3
6.3
6.3
6.3
6.3
6.3
6.0
6.0
6.0
6.0
6.0
6.0
6.0
6.0
5.8
5.8
5.8
5.8
5.8
5.8
5.8
5.8
5.8
5.5
5.5
5.5
5.5
5.5
5.5
5.5
5.5
5.3
5.3
5.3
5.3
5.3
5.3
5.3
5.3
5.3
5.1
5.1
5.1
5.1
5.1
5.1
5.1
5.1
5.1
4.9
4.9
4.9
4.9
4.9
4.9
4.9
4.9
4.7
4.7
4.7
4.7
4.7
4.7
4.7
4.7
4.7
4.6
4.6
4.6
4.6
4.6
4.6
4.6
4.6
4.4
4.4
4.4
4.4
4.4
4.4
4.4
4.4
4.4
4.3
4.3
4.3
4.3
4.3
4.3
4.3
4.3
4.3
4.1
4.1
4.1
4.1
4.1
4.1
4.5
4.8
5.1
5.3
5.7
6.1
6.5
6.9
7.2
7.6
8.0
8.3
8.7
8.9
9.2
9.6
10.0
10.3
10.7
11.1
11.5
11.8
11.8
12.2
12.6
12.9
13.2
13.6
14.0
14.3
14.7
15.0
14.9
15.2
15.6
16.0
16.4
16.8
17.3
17.7
18.2
18.6
18.1
18.1
18.1
18.1
18.1
18.1
18.1
18.1
18.1
17.6
17.6
17.6
17.6
17.6
17.6
17.6
17.6
17.6
17.1
17.1
17.1
17.1
17.1
17.1
17.1
17.1
17.1
16.7
16.7
16.7
16.7
16.7
16.7
16.7
16.7
16.7
16.3
16.3
16.3
16.3
16.3
16.3
16.3
16.3
16.3
15.9
15.9
15.9
15.9
15.9
15.9
15.9
15.9
15.5
15.5
15.5
15.5
15.5
15.5
15.5
15.5
15.5
15.2
15.2
15.2
15.2
15.2
15.2
15.2
15.2
15.2
14.8
14.8
14.8
14.8
14.8
14.8
14.8
14.8
14.8
14.5
14.5
14.5
14.5
14.5
14.5
14.5
14.5
14.5
14.2
14.2
14.2
14.2
14.2
14.2
14.2
14.2
13.9
13.9
13.9
13.9
13.9
13.9
13.9
13.9
13.9
13.6
13.6
13.6
13.6
13.6
13.6
13.6
13.6
13.6
13.4
13.4
13.4
13.4
13.4
13.4
13.4
13.4
13.1
13.1
13.1
13.1
13.1
13.1
13.1
13.1
13.1
12.8
12.8
12.8
12.8
12.8
12.8
12.8
12.8
12.8
12.6
12.6
12.6
12.6
12.6
12.6
12.6
12.6
12.4
12.4
12.4
12.4
12.4
12.4
12.4
12.4
12.4
12.1
12.1
12.1
12.1
12.1
12.1
12.1
12.1
11.9
11.9
11.9
11.9
11.9
11.9
11.9
11.9
11.9
11.7
11.7
11.7
11.7
11.7
11.7
11.7
11.7
11.7
11.5
11.5
11.5
11.5
11.5
11.5
11.5
11.5
11.3
11.3
11.3
11.3
11.3
11.3
11.3
11.3
11.3
11.1
11.1
11.1
11.1
11.1