74.5
74.5
74.5
74.5
49.6
49.6
49.6
49.6
49.6
49.6
49.6
49.6
49.6
37.2
37.2
37.2
37.2
37.2
37.2
37.2
37.2
37.2
29.8
29.8
29.8
29.8
29.8
29.8
29.8
29.8
24.8
24.8
24.8
24.8
24.8
24.8
24.8
24.8
24.8
21.2
21.2
21.2
21.2
21.2
21.2
21.2
21.2
18.6
18.6
18.6
18.6
18.6
18.6
18.6
18.6
16.5
16.5
16.5
16.5
16.5
16.5
16.5
14.9
14.9
14.9
14.9
14.9
14.9
14.9
14.9
13.5
13.5
13.5
13.5
13.5
13.5
13.5
13.5
12.4
12.4
12.4
12.4
12.4
12.4
12.4
12.4
11.4
11.4
11.4
11.4
11.4
11.4
11.4
11.4
10.6
10.6
10.6
10.6
10.6
10.6
10.6
9.9
9.9
9.9
9.9
9.9
9.9
9.9
9.9
9.3
9.3
9.3
9.3
9.3
9.3
9.3
9.3
8.7
8.7
8.7
8.7
8.7
8.7
8.7
8.7
8.2
8.2
8.2
8.2
8.2
8.2
8.2
7.8
7.8
7.8
7.8
7.8
7.8
7.8
7.8
7.4
7.4
7.4
7.4
7.4
7.4
7.4
7.4
7.0
7.0
7.0
7.0
7.0
7.0
7.0
7.0
6.7
6.7
6.7
6.7
6.7
6.7
6.7
6.4
6.4
6.4
6.4
6.4
6.4
6.4
6.4
6.2
6.2
6.2
6.2
6.2
6.2
6.2
6.2
5.9
5.9
5.9
5.9
5.9
5.9
5.9
5.9
5.7
5.7
5.7
5.7
5.7
5.7
5.7
5.5
5.5
5.5
5.5
5.5
5.5
5.5
5.5
5.3
5.3
5.3
5.3
5.3
5.3
5.3
5.3
5.1
5.1
5.1
5.1
5.1
5.1
5.1
5.1
4.9
4.9
4.9
4.9
4.9
4.9
4.9
4.8
4.8
4.8
4.8
4.8
4.8
4.8
4.8
4.9
5.1
5.3
5.6
6.0
6.4
6.8
7.1
7.5
7.8
8.2
8.2
8.5
8.8
9.1
9.3
9.7
10.0
10.3
10.3
10.5
10.7
10.9
11.1
11.3
11.5
11.7
11.5
11.8
12.1
12.4
12.6
13.0
13.2
13.4
13.6
13.5
13.7
13.8
14.0
14.3
14.6
14.8
15.1
15.4
15.3
15.5
15.6
15.9
16.1
16.3
16.5
16.7
16.4
16.6
16.8
17.0
17.2
17.6
17.8
18.1
17.9
18.2
18.4
18.6
18.9
19.3
19.5
19.6
19.6
19.1
19.1
19.1
19.1
19.1
19.1
19.1
19.1
19.1
18.6
18.6
18.6
18.6
18.6
18.6
18.6
18.6
18.6
18.6
18.2
18.2
18.2
18.2
18.2
18.2
18.2
18.2
18.2
17.7
17.7
17.7
17.7
17.7
17.7
17.7
17.7
17.7
17.3
17.3
17.3
17.3
17.3
17.3
17.3
17.3
17.0
17.0
17.0
17.0
17.0
17.0
17.0
17.0
17.0
16.6
16.6
16.6
16.6
16.6
16.6
16.6
16.6
16.6
16.2
16.2
16.2
16.2
16.2
16.2
16.2
16.2
15.9
15.9
15.9
15.9
15.9
15.9
15.9
15.9
15.9
15.6
15.6
15.6
15.6
15.6
15.6
15.6
15.6
15.3
15.3
15.3
15.3
15.3
15.3
15.3
15.3
15.3
15.0
15.0
15.0
15.0
15.0
15.0
15.0
15.0
14.7
14.7
14.7
14.7
14.7
14.7
14.7
14.7
14.7
14.4