69.5
69.5
69.5
46.3
46.3
46.3
46.3
46.3
46.3
46.3
46.3
46.3
34.7
34.7
34.7
34.7
34.7
34.7
34.7
34.7
34.7
27.8
27.8
27.8
27.8
27.8
27.8
27.8
27.8
23.1
23.1
23.1
23.1
23.1
23.1
23.1
23.1
19.8
19.8
19.8
19.8
19.8
19.8
19.8
19.8
17.3
17.3
17.3
17.3
17.3
17.3
17.3
17.3
15.4
15.4
15.4
15.4
15.4
15.4
15.4
13.9
13.9
13.9
13.9
13.9
13.9
13.9
13.9
12.6
12.6
12.6
12.6
12.6
12.6
12.6
12.6
11.5
11.5
11.5
11.5
11.5
11.5
11.5
11.5
10.6
10.6
10.6
10.6
10.6
10.6
10.6
9.9
9.9
9.9
9.9
9.9
9.9
9.9
9.9
9.2
9.2
9.2
9.2
9.2
9.2
9.2
9.2
8.6
8.6
8.6
8.6
8.6
8.6
8.6
8.6
8.1
8.1
8.1
8.1
8.1
8.1
8.1
7.7
7.7
7.7
7.7
7.7
7.7
7.7
7.7
7.3
7.3
7.3
7.3
7.3
7.3
7.3
7.3
6.9
6.9
6.9
6.9
6.9
6.9
6.9
6.9
6.6
6.6
6.6
6.6
6.6
6.6
6.6
6.6
6.3
6.3
6.3
6.3
6.3
6.3
6.3
6.0
6.0
6.0
6.0
6.0
6.0
6.0
6.0
5.7
5.7
5.7
5.7
5.7
5.7
5.7
5.7
5.5
5.5
5.5
5.5
5.5
5.5
5.5
5.5
5.3
5.3
5.3
5.3
5.3
5.3
5.3
5.1
5.1
5.1
5.1
5.1
5.1
5.1
5.1
4.9
4.9
4.9
4.9
4.9
4.9
4.9
4.9
4.7
4.7
4.7
4.7
4.7
4.7
4.7
4.7
4.6
4.6
4.6
4.6
4.6
4.6
4.6
4.6
4.4
4.4
4.4
4.4
4.4
4.4
4.4
4.4
4.4
4.3
4.3
4.3
4.4
4.6
5.0
5.3
5.5
5.9
6.0
6.3
6.7
6.8
7.1
7.5
7.8
8.1
8.2
8.5
8.8
9.1
9.3
9.5
9.7
10.0
10.1
10.0
10.3
10.5
10.8
11.1
11.4
11.7
12.0
11.9
12.2
12.5
12.6
12.9
13.1
13.3
13.6
13.5
13.7
13.8
14.0
14.1
14.3
14.6
14.9
15.2
14.9
15.1
15.2
15.5
15.6
15.8
16.0
16.3
16.6
16.4
16.6
16.9
17.1
17.3
17.5
17.7
18.0
18.2
18.1
18.3
18.6
18.8
18.9
18.9
18.9
18.9
18.9
18.4
18.4
18.4
18.4
18.4
18.4
18.4
18.4
18.4
18.0
18.0
18.0
18.0
18.0
18.0
18.0
18.0
18.0
17.6
17.6
17.6
17.6
17.6
17.6
17.6
17.6
17.6
17.2
17.2
17.2
17.2
17.2
17.2
17.2
17.2
17.2
16.8
16.8
16.8
16.8
16.8
16.8
16.8
16.8
16.8
16.4
16.4
16.4
16.4
16.4
16.4
16.4
16.4
16.1
16.1
16.1
16.1
16.1
16.1
16.1
16.1
16.1
15.7
15.7
15.7
15.7
15.7
15.7
15.7
15.7
15.4
15.4
15.4
15.4
15.4
15.4
15.4
15.4
15.4
15.1
15.1
15.1
15.1
15.1
15.1
15.1
15.1
15.1
14.8
14.8
14.8
14.8
14.8
14.8
14.8
14.8
14.5
14.5
14.5
14.5
14.5
14.5
14.5
14.5
14.5
14.3
14.3