71.5
71.5
47.6
47.6
47.6
47.6
47.6
47.6
47.6
47.6
47.6
35.7
35.7
35.7
35.7
35.7
35.7
35.7
35.7
35.7
28.6
28.6
28.6
28.6
28.6
28.6
28.6
28.6
23.8
23.8
23.8
23.8
23.8
23.8
23.8
23.8
20.4
20.4
20.4
20.4
20.4
20.4
20.4
20.4
17.8
17.8
17.8
17.8
17.8
17.8
17.8
17.8
15.8
15.8
15.8
15.8
15.8
15.8
15.8
14.3
14.3
14.3
14.3
14.3
14.3
14.3
14.3
13.0
13.0
13.0
13.0
13.0
13.0
13.0
13.0
11.9
11.9
11.9
11.9
11.9
11.9
11.9
11.9
11.0
11.0
11.0
11.0
11.0
11.0
11.0
10.2
10.2
10.2
10.2
10.2
10.2
10.2
10.2
9.5
9.5
9.5
9.5
9.5
9.5
9.5
9.5
8.9
8.9
8.9
8.9
8.9
8.9
8.9
8.9
8.4
8.4
8.4
8.4
8.4
8.4
8.4
7.9
7.9
7.9
7.9
7.9
7.9
7.9
7.9
7.5
7.5
7.5
7.5
7.5
7.5
7.5
7.5
7.1
7.1
7.1
7.1
7.1
7.1
7.1
7.1
6.8
6.8
6.8
6.8
6.8
6.8
6.8
6.8
6.5
6.5
6.5
6.5
6.5
6.5
6.5
6.2
6.2
6.2
6.2
6.2
6.2
6.2
6.2
5.9
5.9
5.9
5.9
5.9
5.9
5.9
5.9
5.7
5.7
5.7
5.7
5.7
5.7
5.7
5.7
5.5
5.5
5.5
5.5
5.5
5.5
5.5
5.5
5.2
5.2
5.2
5.2
5.2
5.2
5.2
5.1
5.1
5.1
5.1
5.1
5.1
5.1
5.1
4.9
4.9
4.9
4.9
4.9
4.9
4.9
4.9
4.7
4.7
4.7
4.7
4.7
4.7
4.7
4.6
4.6
4.6
4.6
4.6
4.6
4.6
4.6
4.6
4.6
4.4
4.4
4.4
4.4
4.4
4.5
4.8
5.2
5.5
5.7
6.0
6.3
6.7
6.9
7.2
7.4
7.7
7.7
7.9
8.1
8.3
8.5
8.7
8.9
9.1
9.4
9.4
9.7
10.0
10.3
10.4
10.6
10.8
11.0
11.0
11.3
11.6
11.9
12.2
12.5
12.8
13.1
13.0
13.2
13.5
13.8
14.1
14.3
14.5
14.8
15.1
15.0
15.2
15.3
15.5
15.7
15.8
16.0
16.1
15.9
16.1
16.3
16.6
16.8
17.1
17.3
17.6
17.9
17.7
18.0
18.3
18.5
18.8
18.9
18.9
18.9
18.9
18.9
18.5
18.5
18.5
18.5
18.5
18.5
18.5
18.5
18.5
18.0
18.0
18.0
18.0
18.0
18.0
18.0
18.0
18.0
17.6
17.6
17.6
17.6
17.6
17.6
17.6
17.6
17.6
17.2
17.2
17.2
17.2
17.2
17.2
17.2
17.2
16.8
16.8
16.8
16.8
16.8
16.8
16.8
16.8
16.8
16.5
16.5
16.5
16.5
16.5
16.5
16.5
16.5
16.5
16.1
16.1
16.1
16.1
16.1
16.1
16.1
16.1
15.8
15.8
15.8
15.8
15.8
15.8
15.8
15.8
15.8
15.4
15.4
15.4
15.4
15.4
15.4
15.4
15.4
15.1
15.1
15.1
15.1
15.1
15.1
15.1
15.1
15.1
14.8
14.8
14.8
14.8
14.8
14.8
14.8
14.8
14.5
14.5
14.5
14.5
14.5
14.5
14.5
14.5
14.5
14.3
14.3
14.3
14.3
14.3