48.6
48.6
48.6
48.6
48.6
48.6
36.5
36.5
36.5
36.5
36.5
36.5
36.5
36.5
36.5
29.2
29.2
29.2
29.2
29.2
29.2
29.2
29.2
29.2
24.3
24.3
24.3
24.3
24.3
24.3
24.3
24.3
24.3
20.8
20.8
20.8
20.8
20.8
20.8
20.8
20.8
18.2
18.2
18.2
18.2
18.2
18.2
18.2
18.2
16.2
16.2
16.2
16.2
16.2
16.2
16.2
16.2
14.6
14.6
14.6
14.6
14.6
14.6
14.6
13.2
13.2
13.2
13.2
13.2
13.2
13.2
13.2
12.1
12.1
12.1
12.1
12.1
12.1
12.1
12.1
11.2
11.2
11.2
11.2
11.2
11.2
11.2
11.2
10.4
10.4
10.4
10.4
10.4
10.4
10.4
9.7
9.7
9.7
9.7
9.7
9.7
9.7
9.7
9.1
9.1
9.1
9.1
9.1
9.1
9.1
9.1
8.5
8.5
8.5
8.5
8.5
8.5
8.5
8.5
8.1
8.1
8.1
8.1
8.1
8.1
8.1
7.6
7.6
7.6
7.6
7.6
7.6
7.6
7.6
7.3
7.3
7.3
7.3
7.3
7.3
7.3
7.3
6.9
6.9
6.9
6.9
6.9
6.9
6.9
6.9
6.6
6.6
6.6
6.6
6.6
6.6
6.6
6.6
6.3
6.3
6.3
6.3
6.3
6.3
6.3
6.0
6.0
6.0
6.0
6.0
6.0
6.0
6.0
5.8
5.8
5.8
5.8
5.8
5.8
5.8
5.8
5.6
5.6
5.6
5.6
5.6
5.6
5.6
5.6
5.4
5.4
5.4
5.4
5.4
5.4
5.4
5.2
5.2
5.2
5.2
5.2
5.2
5.2
5.2
5.0
5.0
5.0
5.0
5.0
5.0
5.0
5.0
4.8
4.8
4.8
4.8
4.8
4.8
4.8
4.8
4.7
4.7
4.7
4.7
4.7
4.7
4.7
4.5
4.5
4.8
5.0
5.4
5.7
6.3
6.8
7.3
7.8
8.0
8.4
8.9
9.3
9.7
10.1
10.4
10.8
11.1
11.0
11.4
11.7
12.0
12.2
12.4
12.6
12.8
12.6
12.8
13.0
13.2
13.4
13.6
13.8
14.0
14.2
13.9
14.1
14.3
14.6
14.9
15.2
15.4
15.6
15.4
15.7
16.0
16.2
16.4
16.5
16.8
17.0
16.8
17.1
17.4
17.6
17.8
18.0
18.1
18.4
18.7
18.4
18.6
18.8
19.1
19.1
19.1
19.1
19.1
18.7
18.7
18.7
18.7
18.7
18.7
18.7
18.7
18.7
18.7
18.2
18.2
18.2
18.2
18.2
18.2
18.2
18.2
18.2
17.8
17.8
17.8
17.8
17.8
17.8
17.8
17.8
17.8
17.8
17.3
17.3
17.3
17.3
17.3
17.3
17.3
17.3
17.0
17.0
17.0
17.0
17.0
17.0
17.0
17.0
17.0
16.6
16.6
16.6
16.6
16.6
16.6
16.6
16.6
16.6
16.2
16.2
16.2
16.2
16.2
16.2
16.2
16.2
16.2
15.9
15.9
15.9
15.9
15.9
15.9
15.9
15.9
15.5
15.5
15.5
15.5
15.5
15.5
15.5
15.5
15.5
15.2
15.2
15.2
15.2
15.2
15.2
15.2
15.2
14.9
14.9
14.9
14.9
14.9
14.9
14.9
14.9
14.9
14.6
14.6
14.6
14.6
14.6
14.6
14.6
14.6
14.6
14.3
14.3
14.3
14.3
14.3
14.3
14.3
14.3
14.1
14.1
14.1
14.1
14.1
14.1
14.1