51.0
63.0
73.0
83.0
94.0
40.0
57.0
62.5
67.0
67.0
67.0
67.0
67.0
67.0
67.0
44.6
44.6
44.6
44.6
44.6
44.6
44.6
44.6
44.6
33.5
33.5
33.5
33.5
33.5
33.5
33.5
33.5
33.5
26.8
26.8
26.8
26.8
26.8
26.8
26.8
26.8
26.8
22.3
22.3
22.3
22.3
22.3
22.3
22.3
22.3
22.3
19.1
19.1
19.1
19.1
19.1
19.1
19.1
19.1
19.1
16.7
16.7
16.7
16.7
16.7
16.7
16.7
16.7
16.7
14.8
14.8
14.8
14.8
14.8
14.8
14.8
14.8
14.8
13.4
13.4
13.4
13.4
13.4
13.4
13.4
13.4
13.4
12.1
12.1
12.1
12.1
12.1
12.1
12.1
12.1
12.1
12.1
11.1
11.1
11.1
11.1
11.1
11.1
11.1
11.1
11.1
10.3
10.3
10.3
10.3
10.3
10.3
10.3
10.3
10.3
9.5
9.5
9.5
9.5
9.5
9.5
9.5
9.5
9.5
8.9
8.9
8.9
8.9
8.9
8.9
8.9
8.9
8.9
8.3
8.3
8.3
8.3
8.3
8.3
8.3
8.3
8.3
7.8
7.8
7.8
7.8
7.8
7.8
7.8
7.8
7.8
7.4
7.4
7.4
7.4
7.4
7.4
7.4
7.4
7.4
7.0
7.0
7.0
7.0
7.0
7.0
7.0
7.0
7.0
6.7
6.7
6.7
6.7
6.7
6.7
6.7
6.7
6.7
6.3
6.3
6.3
6.3
6.3
6.3
6.3
6.3
6.3
6.0
6.0
6.0
6.0
6.0
6.0
6.0
6.0
5.8
5.8
5.8
5.8
5.8
5.8
5.8
5.8
5.8
5.5
5.5
5.5
5.5
5.5
5.5
5.5
5.5
5.5
5.3
5.3
5.3
5.3
5.3
5.3
5.3
5.3
5.3
5.1
5.1
5.1
5.1
5.1
5.1
5.1
5.1
5.1
4.9
4.9
4.9
4.9
4.9
4.9
4.9
4.9
4.9
4.7
4.7
4.7
4.7
4.7
4.7
4.7
4.7
4.7
4.6
4.6
4.6
4.6
4.6
4.6
4.6
4.6
4.6
4.4
4.4
4.4
4.4
4.4
4.4
4.4
4.4
4.4
4.3
4.3
4.3
4.3
4.3
4.3
4.3
4.3
4.3
4.1
4.1
4.1
4.4
4.6
5.0
5.3
5.8
6.3
6.6
7.1
7.5
8.0
8.5
9.0
9.5
10.0
10.5
11.0
11.1
11.6
12.0
12.5
13.0
13.5
13.9
14.4
14.9
15.2
15.2
15.6
16.0
16.5
17.0
17.3
17.8
18.2
18.3
17.8
17.8
17.8
17.8
17.8
17.8
17.8
17.8
17.8
17.3
17.3
17.3
17.3
17.3
17.3
17.3
17.3
17.3
16.8
16.8
16.8
16.8
16.8
16.8
16.8
16.8
16.8
16.4
16.4
16.4
16.4
16.4
16.4
16.4
16.4
16.4
16.0
16.0
16.0
16.0
16.0
16.0
16.0
16.0
16.0
15.6
15.6
15.6
15.6
15.6
15.6
15.6
15.6
15.6
15.2
15.2
15.2
15.2
15.2
15.2
15.2
15.2
14.9
14.9
14.9
14.9
14.9
14.9
14.9
14.9
14.9
14.5
14.5
14.5
14.5
14.5
14.5
14.5
14.5
14.5
14.2
14.2
14.2
14.2
14.2
14.2
14.2
14.2
14.2
13.9
13.9
13.9
13.9
13.9
13.9
13.9
13.9
13.9
13.6
13.6
13.6
13.6
13.6
13.6
13.6
13.6
13.6
13.3
13.3
13.3
13.3
13.3
13.3
13.3
13.3
13.3
13.0
13.0
13.0
13.0
13.0
13.0
13.0
13.0
13.0
12.8
12.8
12.8
12.8
12.8
12.8
12.8
12.8
12.8
12.5
12.5
12.5
12.5
12.5
12.5
12.5
12.5
12.5
12.3
12.3
12.3
12.3
12.3
12.3
12.3
12.3
12.3
12.0
12.0
12.0
12.0
12.0
12.0
12.0
12.0
12.0
11.8
11.8
11.8
11.8
11.8
11.8
11.8
11.8
11.8
11.6
11.6
11.6
11.6
11.6
11.6
11.6
11.6
11.6
11.4
11.4
11.4
11.4
11.4
11.4
11.4
11.4
11.2
11.2
11.2
11.2
11.2
11.2
11.2
11.2
11.2
11.0
11.0
11.0
11.0
11.0
11.0
11.0
11.0
11.0
10.8
10.8