0.0
0.0
0.0
0.0
0.0
81.0
92.0
25.0
35.0
35.0
95.0
95.0
95.0
96.0
64.5
64.5
64.5
64.5
64.5
64.5
64.5
64.5
64.5
43.0
43.0
43.0
43.0
43.0
43.0
43.0
43.0
43.0
32.2
32.2
32.2
32.2
32.2
32.2
32.2
32.2
32.2
25.8
25.8
25.8
25.8
25.8
25.8
25.8
25.8
25.8
21.5
21.5
21.5
21.5
21.5
21.5
21.5
21.5
21.5
21.5
18.4
18.4
18.4
18.4
18.4
18.4
18.4
18.4
16.1
16.1
16.1
16.1
16.1
16.1
16.1
16.1
16.1
16.1
14.3
14.3
14.3
14.3
14.3
14.3
14.3
14.3
12.9
12.9
12.9
12.9
12.9
12.9
12.9
12.9
12.9
12.9
11.7
11.7
11.7
11.7
11.7
11.7
11.7
11.7
11.7
10.7
10.7
10.7
10.7
10.7
10.7
10.7
10.7
10.7
9.9
9.9
9.9
9.9
9.9
9.9
9.9
9.9
9.9
9.2
9.2
9.2
9.2
9.2
9.2
9.2
9.2
9.2
8.6
8.6
8.6
8.6
8.6
8.6
8.6
8.6
8.6
8.0
8.0
8.0
8.0
8.0
8.0
8.0
8.0
8.0
7.5
7.5
7.5
7.5
7.5
7.5
7.5
7.5
7.5
7.1
7.1
7.1
7.1
7.1
7.1
7.1
7.1
7.1
6.7
6.7
6.7
6.7
6.7
6.7
6.7
6.7
6.7
6.4
6.4
6.4
6.4
6.4
6.4
6.4
6.4
6.4
6.1
6.1
6.1
6.1
6.1
6.1
6.1
6.1
5.8
5.8
5.8
5.8
5.8
5.8
5.8
5.8
5.8
5.6
5.6
5.6
5.6
5.6
5.6
5.6
5.6
5.6
5.3
5.3
5.3
5.3
5.3
5.3
5.3
5.3
5.3
5.1
5.1
5.1
5.1
5.1
5.1
5.1
5.1
5.1
4.9
4.9
4.9
4.9
4.9
4.9
4.9
4.9
4.9
4.7
4.7
4.7
4.7
4.7
4.7
4.7
4.7
4.7
4.6
4.6
4.6
4.6
4.6
4.6
4.6
4.6
4.6
4.4
4.4
4.4
4.4
4.4
4.4
4.4
4.4
4.4
4.3
4.3
4.3
4.3
4.3
4.3
4.3
4.3
4.3
4.1
4.1
4.1
4.1
4.1
4.3
4.5
4.9
5.2
5.5
6.0
6.5
7.1
7.5
8.0
8.5
9.1
9.6
10.1
10.3
10.8
11.3
11.8
12.3
12.7
13.2
13.7
14.2
14.6
14.5
15.0
15.4
15.9
16.3
16.7
17.2
17.7
18.2
17.9
17.9
17.9
17.9
17.9
17.9
17.9
17.9
17.9
17.4
17.4
17.4
17.4
17.4
17.4
17.4
17.4
17.4
16.9
16.9
16.9
16.9
16.9
16.9
16.9
16.9
16.9
16.5
16.5
16.5
16.5
16.5
16.5
16.5
16.5
16.5
16.1
16.1
16.1
16.1
16.1
16.1
16.1
16.1
16.1
15.7
15.7
15.7
15.7
15.7
15.7
15.7
15.7
15.7
15.3
15.3
15.3
15.3
15.3
15.3
15.3
15.3
14.9
14.9
14.9
14.9
14.9
14.9
14.9
14.9
14.9
14.6
14.6
14.6
14.6
14.6
14.6
14.6
14.6
14.6
14.2
14.2
14.2
14.2
14.2
14.2
14.2
14.2
14.2
13.9
13.9
13.9
13.9
13.9
13.9
13.9
13.9
13.9
13.6
13.6
13.6
13.6
13.6
13.6
13.6
13.6
13.6
13.3
13.3
13.3
13.3
13.3
13.3
13.3
13.3
13.3
13.0
13.0
13.0
13.0
13.0
13.0
13.0
13.0
13.0
12.8
12.8
12.8
12.8
12.8
12.8
12.8
12.8
12.8
12.5
12.5
12.5
12.5
12.5
12.5
12.5
12.5
12.5
12.3
12.3
12.3
12.3
12.3
12.3
12.3
12.3
12.3
12.0
12.0
12.0
12.0
12.0
12.0
12.0
12.0
12.0
11.8
11.8
11.8
11.8
11.8
11.8
11.8
11.8
11.8
11.6
11.6
11.6
11.6
11.6
11.6
11.6
11.6
11.6
11.4
11.4
11.4
11.4
11.4
11.4
11.4
11.4
11.2
11.2
11.2
11.2
11.2
11.2
11.2
11.2
11.2
11.0
11.0
11.0
11.0
11.0
11.0
11.0
11.0
11.0
10.8
10.8
10.8