0.0
32.0
43.0
53.0
63.0
74.0
84.0
95.0
55.0
45.0
56.0
67.0
67.0
67.0
67.0
67.0
67.0
67.0
67.0
67.0
44.6
44.6
44.6
44.6
44.6
44.6
44.6
44.6
44.6
33.5
33.5
33.5
33.5
33.5
33.5
33.5
33.5
33.5
26.8
26.8
26.8
26.8
26.8
26.8
26.8
26.8
26.8
22.3
22.3
22.3
22.3
22.3
22.3
22.3
22.3
22.3
19.1
19.1
19.1
19.1
19.1
19.1
19.1
19.1
19.1
16.7
16.7
16.7
16.7
16.7
16.7
16.7
16.7
16.7
14.8
14.8
14.8
14.8
14.8
14.8
14.8
14.8
14.8
14.8
13.4
13.4
13.4
13.4
13.4
13.4
13.4
13.4
13.4
12.1
12.1
12.1
12.1
12.1
12.1
12.1
12.1
12.1
11.1
11.1
11.1
11.1
11.1
11.1
11.1
11.1
11.1
10.3
10.3
10.3
10.3
10.3
10.3
10.3
10.3
10.3
9.5
9.5
9.5
9.5
9.5
9.5
9.5
9.5
9.5
8.9
8.9
8.9
8.9
8.9
8.9
8.9
8.9
8.9
8.3
8.3
8.3
8.3
8.3
8.3
8.3
8.3
8.3
7.8
7.8
7.8
7.8
7.8
7.8
7.8
7.8
7.8
7.4
7.4
7.4
7.4
7.4
7.4
7.4
7.4
7.4
7.4
7.0
7.0
7.0
7.0
7.0
7.0
7.0
7.0
7.0
6.7
6.7
6.7
6.7
6.7
6.7
6.7
6.7
6.7
6.3
6.3
6.3
6.3
6.3
6.3
6.3
6.3
6.3
6.0
6.0
6.0
6.0
6.0
6.0
6.0
6.0
6.0
5.8
5.8
5.8
5.8
5.8
5.8
5.8
5.8
5.8
5.5
5.5
5.5
5.5
5.5
5.5
5.5
5.5
5.5
5.3
5.3
5.3
5.3
5.3
5.3
5.3
5.3
5.3
5.1
5.1
5.1
5.1
5.1
5.1
5.1
5.1
5.1
4.9
4.9
4.9
4.9
4.9
4.9
4.9
4.9
4.9
4.7
4.7
4.7
4.7
4.7
4.7
4.7
4.7
4.7
4.6
4.6
4.6
4.6
4.6
4.6
4.6
4.6
4.6
4.4
4.4
4.4
4.4
4.4
4.4
4.4
4.4
4.4
4.3
4.3
4.3
4.3
4.3
4.3
4.3
4.3
4.3
4.2
4.5
4.8
5.1
5.5
6.0
6.5
7.1
7.6
7.9
8.4
8.9
9.5
10.0
10.6
11.1
11.7
12.2
12.8
13.0
13.5
14.0
14.5
15.0
15.6
16.1
16.7
17.2
17.7
17.8
18.2
18.7
19.2
19.5
19.8
19.8
19.8
19.8
19.3
19.3
19.3
19.3
19.3
19.3
19.3
19.3
19.3
18.7
18.7
18.7
18.7
18.7
18.7
18.7
18.7
18.7
18.2
18.2
18.2
18.2
18.2
18.2
18.2
18.2
18.2
17.8
17.8
17.8
17.8
17.8
17.8
17.8
17.8
17.8
17.3
17.3
17.3
17.3
17.3
17.3
17.3
17.3
17.3
16.9
16.9
16.9
16.9
16.9
16.9
16.9
16.9
16.9
16.5
16.5
16.5
16.5
16.5
16.5
16.5
16.5
16.5
16.1
16.1
16.1
16.1
16.1
16.1
16.1
16.1
16.1
15.7
15.7
15.7
15.7
15.7
15.7
15.7
15.7
15.7
15.4
15.4
15.4
15.4
15.4
15.4
15.4
15.4
15.4
15.1
15.1
15.1
15.1
15.1
15.1
15.1
15.1
15.1
14.7
14.7
14.7
14.7
14.7
14.7
14.7
14.7
14.7
14.4
14.4
14.4
14.4
14.4
14.4
14.4
14.4
14.1
14.1
14.1
14.1
14.1
14.1
14.1
14.1
14.1
13.9
13.9
13.9
13.9
13.9
13.9
13.9
13.9
13.9
13.6
13.6
13.6
13.6
13.6
13.6
13.6
13.6
13.6
13.3
13.3
13.3
13.3
13.3
13.3
13.3
13.3
13.3
13.1
13.1
13.1
13.1
13.1
13.1
13.1
13.1
13.1
12.8
12.8
12.8
12.8
12.8
12.8
12.8
12.8
12.8
12.6
12.6
12.6
12.6
12.6
12.6
12.6
12.6
12.6
12.4
12.4
12.4
12.4
12.4
12.4
12.4
12.4
12.4
12.1
12.1
12.1
12.1
12.1
12.1
12.1
12.1
12.1
11.9
11.9
11.9