70.5
70.5
70.5
70.5
70.5
70.5
70.5
47.0
47.0
47.0
47.0
47.0
47.0
47.0
47.0
47.0
35.2
35.2
35.2
35.2
35.2
35.2
35.2
35.2
35.2
28.2
28.2
28.2
28.2
28.2
28.2
28.2
28.2
28.2
23.5
23.5
23.5
23.5
23.5
23.5
23.5
23.5
23.5
20.1
20.1
20.1
20.1
20.1
20.1
20.1
20.1
17.6
17.6
17.6
17.6
17.6
17.6
17.6
17.6
15.6
15.6
15.6
15.6
15.6
15.6
15.6
15.6
14.1
14.1
14.1
14.1
14.1
14.1
14.1
14.1
12.8
12.8
12.8
12.8
12.8
12.8
12.8
11.7
11.7
11.7
11.7
11.7
11.7
11.7
11.7
10.8
10.8
10.8
10.8
10.8
10.8
10.8
10.8
10.0
10.0
10.0
10.0
10.0
10.0
10.0
10.0
9.4
9.4
9.4
9.4
9.4
9.4
9.4
8.8
8.8
8.8
8.8
8.8
8.8
8.8
8.8
8.2
8.2
8.2
8.2
8.2
8.2
8.2
8.2
7.8
7.8
7.8
7.8
7.8
7.8
7.8
7.8
7.4
7.4
7.4
7.4
7.4
7.4
7.4
7.4
7.0
7.0
7.0
7.0
7.0
7.0
7.0
6.7
6.7
6.7
6.7
6.7
6.7
6.7
6.7
6.7
6.4
6.4
6.4
6.4
6.4
6.4
6.4
6.4
6.4
6.1
6.1
6.1
6.1
6.1
6.1
6.1
6.1
5.8
5.8
5.8
5.8
5.8
5.8
5.8
5.8
5.6
5.6
5.6
5.6
5.6
5.6
5.6
5.4
5.4
5.4
5.4
5.4
5.4
5.4
5.4
5.2
5.2
5.2
5.2
5.2
5.2
5.2
5.2
5.0
5.0
5.0
5.0
5.0
5.0
5.0
5.0
4.8
4.8
4.8
4.8
4.8
4.8
4.8
4.8
4.7
4.7
4.7
4.7
4.7
4.7
4.7
4.7
4.5
4.5
4.5
4.5
4.5
4.5
4.5
4.5
4.5
4.5
4.4
4.4
4.4
4.5
4.7
5.0
5.2
5.5
5.8
5.9
6.2
6.4
6.6
6.9
7.2
7.5
7.8
7.9
8.0
8.2
8.4
8.7
9.0
9.2
9.3
9.2
9.4
9.6
10.0
10.2
10.6
10.8
11.2
11.1
11.3
11.5
11.6
11.8
12.0
12.3
12.6
12.9
12.8
13.0
13.1
13.4
13.6
13.8
14.1
14.4
14.3
14.6
14.8
15.0
15.1
15.4
15.7
16.0
15.9
16.2
16.4
16.7
17.0
17.2
17.5
17.9
18.2
18.6
18.5
18.7
18.7
18.7
18.7
18.7
18.7
18.7
18.7
18.3
18.3
18.3
18.3
18.3
18.3
18.3
18.3
18.3
17.8
17.8
17.8
17.8
17.8
17.8
17.8
17.8
17.8
17.4
17.4
17.4
17.4
17.4
17.4
17.4
17.4
17.4
17.0
17.0
17.0
17.0
17.0
17.0
17.0
17.0
17.0
16.6
16.6
16.6
16.6
16.6
16.6
16.6
16.3
16.3
16.3
16.3
16.3
16.3
16.3
16.3
15.9
15.9
15.9
15.9
15.9
15.9
15.9
15.9
15.6
15.6
15.6
15.6
15.6
15.6
15.6
15.6
15.3
15.3
15.3
15.3
15.3
15.3
15.3
15.3
15.3
15.0
15.0
15.0
15.0
15.0
15.0
15.0
14.7
14.7
14.7
14.7
14.7
14.7
14.7
14.7
14.4
14.4
14.4
14.4
14.4
14.4
14.4