48.3
48.3
48.3
48.3
48.3
48.3
48.3
48.3
48.3
36.2
36.2
36.2
36.2
36.2
36.2
36.2
36.2
36.2
29.0
29.0
29.0
29.0
29.0
29.0
29.0
29.0
29.0
24.1
24.1
24.1
24.1
24.1
24.1
24.1
24.1
24.1
20.7
20.7
20.7
20.7
20.7
20.7
20.7
20.7
20.7
18.1
18.1
18.1
18.1
18.1
18.1
18.1
18.1
16.1
16.1
16.1
16.1
16.1
16.1
16.1
16.1
14.5
14.5
14.5
14.5
14.5
14.5
14.5
14.5
13.1
13.1
13.1
13.1
13.1
13.1
13.1
13.1
12.0
12.0
12.0
12.0
12.0
12.0
12.0
11.1
11.1
11.1
11.1
11.1
11.1
11.1
11.1
10.3
10.3
10.3
10.3
10.3
10.3
10.3
10.3
9.6
9.6
9.6
9.6
9.6
9.6
9.6
9.6
9.0
9.0
9.0
9.0
9.0
9.0
9.0
8.5
8.5
8.5
8.5
8.5
8.5
8.5
8.5
8.0
8.0
8.0
8.0
8.0
8.0
8.0
8.0
7.6
7.6
7.6
7.6
7.6
7.6
7.6
7.6
7.2
7.2
7.2
7.2
7.2
7.2
7.2
7.2
6.9
6.9
6.9
6.9
6.9
6.9
6.9
6.9
6.5
6.5
6.5
6.5
6.5
6.5
6.5
6.5
6.5
6.3
6.3
6.3
6.3
6.3
6.3
6.3
6.3
6.0
6.0
6.0
6.0
6.0
6.0
6.0
6.0
5.8
5.8
5.8
5.8
5.8
5.8
5.8
5.8
5.5
5.5
5.5
5.5
5.5
5.5
5.5
5.3
5.3
5.3
5.3
5.3
5.3
5.3
5.3
5.1
5.1
5.1
5.1
5.1
5.1
5.1
5.1
5.0
5.0
5.0
5.0
5.0
5.0
5.0
5.0
4.8
4.8
4.8
4.8
4.8
4.8
4.8
4.8
4.6
4.6
4.6
4.6
4.6
4.6
4.6
4.6
4.5
4.5
4.5
4.5
4.5
4.5
4.8
5.1
5.5
5.6
5.9
6.3
6.6
6.9
7.2
7.5
7.8
8.1
8.1
8.4
8.6
9.0
9.3
9.5
9.6
9.8
10.0
9.8
10.0
10.4
10.6
10.8
11.1
11.4
11.6
11.6
11.9
12.2
12.5
12.8
13.0
13.1
13.3
13.1
13.4
13.7
14.0
14.1
14.3
14.5
14.6
14.8
14.6
14.8
15.1
15.3
15.6
15.9
16.2
16.5
16.3
16.4
16.6
17.0
17.2
17.4
17.6
17.9
17.8
18.1
18.3
18.6
18.9
18.9
18.9
18.9
18.9
18.5
18.5
18.5
18.5
18.5
18.5
18.5
18.5
18.5
18.5
18.0
18.0
18.0
18.0
18.0
18.0
18.0
18.0
18.0
17.6
17.6
17.6
17.6
17.6
17.6
17.6
17.6
17.6
17.2
17.2
17.2
17.2
17.2
17.2
17.2
17.2
17.2
16.8
16.8
16.8
16.8
16.8
16.8
16.8
16.8
16.8
16.5
16.5
16.5
16.5
16.5
16.5
16.5
16.1
16.1
16.1
16.1
16.1
16.1
16.1
16.1
15.8
15.8
15.8
15.8
15.8
15.8
15.8
15.8
15.4
15.4
15.4
15.4
15.4
15.4
15.4
15.4
15.1
15.1
15.1
15.1
15.1
15.1
15.1
15.1
14.8
14.8
14.8
14.8
14.8
14.8
14.8
14.5
14.5
14.5
14.5
14.5
14.5
14.5
14.5
14.3
14.3
14.3
14.3
14.3
14.3