54.5
60.0
64.5
70.0
70.0
70.0
70.0
46.6
46.6
46.6
46.6
46.6
46.6
46.6
46.6
46.6
35.0
35.0
35.0
35.0
35.0
35.0
35.0
35.0
35.0
28.0
28.0
28.0
28.0
28.0
28.0
28.0
28.0
23.3
23.3
23.3
23.3
23.3
23.3
23.3
23.3
23.3
20.0
20.0
20.0
20.0
20.0
20.0
20.0
20.0
17.5
17.5
17.5
17.5
17.5
17.5
17.5
17.5
15.5
15.5
15.5
15.5
15.5
15.5
15.5
15.5
14.0
14.0
14.0
14.0
14.0
14.0
14.0
14.0
12.7
12.7
12.7
12.7
12.7
12.7
12.7
11.6
11.6
11.6
11.6
11.6
11.6
11.6
11.6
10.7
10.7
10.7
10.7
10.7
10.7
10.7
10.7
10.0
10.0
10.0
10.0
10.0
10.0
10.0
10.0
9.3
9.3
9.3
9.3
9.3
9.3
9.3
8.7
8.7
8.7
8.7
8.7
8.7
8.7
8.7
8.2
8.2
8.2
8.2
8.2
8.2
8.2
8.2
7.7
7.7
7.7
7.7
7.7
7.7
7.7
7.7
7.3
7.3
7.3
7.3
7.3
7.3
7.3
7.3
7.0
7.0
7.0
7.0
7.0
7.0
7.0
6.6
6.6
6.6
6.6
6.6
6.6
6.6
6.6
6.6
6.3
6.3
6.3
6.3
6.3
6.3
6.3
6.3
6.3
6.0
6.0
6.0
6.0
6.0
6.0
6.0
6.0
5.8
5.8
5.8
5.8
5.8
5.8
5.8
5.8
5.6
5.6
5.6
5.6
5.6
5.6
5.6
5.3
5.3
5.3
5.3
5.3
5.3
5.3
5.3
5.1
5.1
5.1
5.1
5.1
5.1
5.1
5.1
5.0
5.0
5.0
5.0
5.0
5.0
5.0
5.0
4.8
4.8
4.8
4.8
4.8
4.8
4.8
4.8
4.6
4.6
4.6
4.6
4.6
4.6
4.6
4.6
4.5
4.5
4.5
4.5
4.5
4.5
4.5
4.5
4.5
4.5
4.3
4.3
4.3
4.3
4.3
4.3
4.4
4.5
4.6
4.8
5.1
5.2
5.3
5.5
5.7
5.9
6.1
6.1
6.4
6.7
7.0
7.4
7.7
8.0
8.2
8.2
8.3
8.5
8.7
9.1
9.3
9.5
9.8
9.8
10.1
10.3
10.6
10.8
11.0
11.2
11.3
11.5
11.5
11.8
11.9
12.1
12.2
12.4
12.6
12.7
12.5
12.7
12.8
13.0
13.1
13.3
13.6
13.9
14.1
14.0
14.3
14.6
14.8
15.2
15.5
15.8
16.1
16.5
16.4
16.7
17.1
17.5
17.9
18.1
18.1
18.1
18.1
18.1
17.7
17.7
17.7
17.7
17.7
17.7
17.7
17.7
17.3
17.3
17.3
17.3
17.3
17.3
17.3
17.3
17.3
16.9
16.9
16.9
16.9
16.9
16.9
16.9
16.9
16.9
16.5
16.5
16.5
16.5
16.5
16.5
16.5
16.5
16.1
16.1
16.1
16.1
16.1
16.1
16.1
16.1
15.8
15.8
15.8
15.8
15.8
15.8
15.8
15.8
15.4
15.4
15.4
15.4
15.4
15.4
15.4
15.4
15.1
15.1
15.1
15.1
15.1
15.1
15.1
15.1
14.8
14.8
14.8
14.8
14.8
14.8
14.8
14.8
14.5
14.5
14.5
14.5
14.5
14.5
14.5
14.2
14.2
14.2
14.2
14.2
14.2
14.2
14.2
13.9
13.9
13.9
13.9
13.9
13.9
13.9
13.9
13.7
13.7