49.0
49.0
49.0
36.7
36.7
36.7
36.7
36.7
36.7
36.7
36.7
36.7
36.7
29.4
29.4
29.4
29.4
29.4
29.4
29.4
29.4
29.4
24.5
24.5
24.5
24.5
24.5
24.5
24.5
24.5
24.5
21.0
21.0
21.0
21.0
21.0
21.0
21.0
21.0
21.0
18.3
18.3
18.3
18.3
18.3
18.3
18.3
18.3
18.3
16.3
16.3
16.3
16.3
16.3
16.3
16.3
16.3
14.7
14.7
14.7
14.7
14.7
14.7
14.7
14.7
13.3
13.3
13.3
13.3
13.3
13.3
13.3
13.3
12.2
12.2
12.2
12.2
12.2
12.2
12.2
12.2
11.3
11.3
11.3
11.3
11.3
11.3
11.3
10.5
10.5
10.5
10.5
10.5
10.5
10.5
10.5
9.8
9.8
9.8
9.8
9.8
9.8
9.8
9.8
9.1
9.1
9.1
9.1
9.1
9.1
9.1
9.1
8.6
8.6
8.6
8.6
8.6
8.6
8.6
8.1
8.1
8.1
8.1
8.1
8.1
8.1
8.1
7.7
7.7
7.7
7.7
7.7
7.7
7.7
7.7
7.3
7.3
7.3
7.3
7.3
7.3
7.3
7.3
7.0
7.0
7.0
7.0
7.0
7.0
7.0
7.0
6.6
6.6
6.6
6.6
6.6
6.6
6.6
6.3
6.3
6.3
6.3
6.3
6.3
6.3
6.3
6.3
6.1
6.1
6.1
6.1
6.1
6.1
6.1
6.1
5.8
5.8
5.8
5.8
5.8
5.8
5.8
5.8
5.6
5.6
5.6
5.6
5.6
5.6
5.6
5.4
5.4
5.4
5.4
5.4
5.4
5.4
5.4
5.2
5.2
5.2
5.2
5.2
5.2
5.2
5.2
5.0
5.0
5.0
5.0
5.0
5.0
5.0
5.0
4.9
4.9
4.9
4.9
4.9
4.9
4.9
4.9
4.7
4.7
4.7
4.7
4.7
4.7
4.7
4.7
4.5
4.5
4.5
4.6
4.9
5.2
5.5
5.8
6.2
6.7
7.2
7.6
8.1
8.5
8.9
9.3
9.7
9.8
10.1
10.5
10.8
11.1
11.4
11.7
12.0
12.3
12.2
12.5
12.6
12.9
13.1
13.4
13.7
14.0
13.9
14.1
14.4
14.7
15.1
15.2
15.5
15.8
16.0
15.7
15.8
16.0
16.1
16.1
16.4
16.7
16.8
16.6
16.7
16.8
17.0
17.1
17.3
17.6
17.8
18.1
17.8
18.0
18.3
18.4
18.7
18.8
19.0
19.0
19.0
18.5
18.5
18.5
18.5
18.5
18.5
18.5
18.5
18.5
18.0
18.0
18.0
18.0
18.0
18.0
18.0
18.0
18.0
17.6
17.6
17.6
17.6
17.6
17.6
17.6
17.6
17.6
17.6
17.2
17.2
17.2
17.2
17.2
17.2
17.2
17.2
17.2
16.8
16.8
16.8
16.8
16.8
16.8
16.8
16.8
16.8
16.4
16.4
16.4
16.4
16.4
16.4
16.4
16.4
16.4
16.1
16.1
16.1
16.1
16.1
16.1
16.1
16.1
16.1
15.7
15.7
15.7
15.7
15.7
15.7
15.7
15.4
15.4
15.4
15.4
15.4
15.4
15.4
15.4
15.1
15.1
15.1
15.1
15.1
15.1
15.1
15.1
14.8
14.8
14.8
14.8
14.8
14.8
14.8
14.8
14.5
14.5
14.5
14.5
14.5
14.5
14.5
14.5
14.2
14.2
14.2
14.2
14.2
14.2
14.2
14.0
14.0
14.0
14.0
14.0
14.0
14.0
14.0
13.7