70.5
70.5
70.5
47.0
47.0
47.0
47.0
47.0
47.0
47.0
47.0
47.0
35.2
35.2
35.2
35.2
35.2
35.2
35.2
35.2
35.2
28.2
28.2
28.2
28.2
28.2
28.2
28.2
28.2
23.5
23.5
23.5
23.5
23.5
23.5
23.5
23.5
20.1
20.1
20.1
20.1
20.1
20.1
20.1
20.1
17.6
17.6
17.6
17.6
17.6
17.6
17.6
15.6
15.6
15.6
15.6
15.6
15.6
15.6
15.6
15.6
14.1
14.1
14.1
14.1
14.1
14.1
14.1
14.1
12.8
12.8
12.8
12.8
12.8
12.8
12.8
12.8
11.7
11.7
11.7
11.7
11.7
11.7
11.7
11.7
10.8
10.8
10.8
10.8
10.8
10.8
10.8
10.8
10.0
10.0
10.0
10.0
10.0
10.0
10.0
10.0
9.4
9.4
9.4
9.4
9.4
9.4
9.4
8.8
8.8
8.8
8.8
8.8
8.8
8.8
8.8
8.2
8.2
8.2
8.2
8.2
8.2
8.2
8.2
7.8
7.8
7.8
7.8
7.8
7.8
7.8
7.8
7.4
7.4
7.4
7.4
7.4
7.4
7.4
7.4
7.0
7.0
7.0
7.0
7.0
7.0
7.0
6.7
6.7
6.7
6.7
6.7
6.7
6.7
6.7
6.4
6.4
6.4
6.4
6.4
6.4
6.4
6.4
6.1
6.1
6.1
6.1
6.1
6.1
6.1
6.1
5.8
5.8
5.8
5.8
5.8
5.8
5.8
5.8
5.6
5.6
5.6
5.6
5.6
5.6
5.6
5.4
5.4
5.4
5.4
5.4
5.4
5.4
5.4
5.2
5.2
5.2
5.2
5.2
5.2
5.2
5.2
5.0
5.0
5.0
5.0
5.0
5.0
5.0
5.0
4.8
4.8
4.8
4.8
4.8
4.8
4.8
4.8
4.7
4.7
4.7
4.7
4.7
4.7
4.7
4.5
4.5
4.5
4.5
4.5
4.5
4.5
4.5
4.5
4.5
4.4
4.4
4.4
4.4
4.4
4.4
4.4
4.5
4.8
5.0
5.3
5.5
5.7
5.9
6.1
6.3
6.6
6.7
7.0
7.2
7.6
7.9
8.2
8.5
8.7
9.1
9.1
9.4
9.6
9.8
9.9
10.3
10.6
10.9
11.2
11.2
11.5
11.8
12.1
12.4
12.7
13.1
13.5
13.4
13.7
14.0
14.2
14.5
14.8
15.0
15.3
15.1
15.4
15.5
15.6
15.8
16.0
16.1
16.3
16.0
16.2
16.4
16.6
17.0
17.2
17.4
17.7
18.0
17.8
18.1
18.3
18.6
18.9
18.9
18.9
18.9
18.9
18.4
18.4
18.4
18.4
18.4
18.4
18.4
18.4
18.4
18.0
18.0
18.0
18.0
18.0
18.0
18.0
18.0
18.0
17.6
17.6
17.6
17.6
17.6
17.6
17.6
17.6
17.6
17.2
17.2
17.2
17.2
17.2
17.2
17.2
17.2
17.2
16.8
16.8
16.8
16.8
16.8
16.8
16.8
16.8
16.4
16.4
16.4
16.4
16.4
16.4
16.4
16.4
16.4
16.1
16.1
16.1
16.1
16.1
16.1
16.1
16.1
16.1
15.7
15.7
15.7
15.7
15.7
15.7
15.7
15.7
15.4
15.4
15.4
15.4
15.4
15.4
15.4
15.4
15.1
15.1
15.1
15.1
15.1
15.1
15.1
14.8
14.8
14.8
14.8
14.8
14.8
14.8
14.8
14.5
14.5
14.5
14.5
14.5
14.5
14.5
14.5
14.2
14.2
14.2
14.2
14.2
14.2