55.0
66.0
76.0
87.0
98.0
85.0
75.0
85.0
75.0
75.0
68.5
68.5
68.5
68.5
68.5
68.5
68.5
68.5
68.5
45.6
45.6
45.6
45.6
45.6
45.6
45.6
45.6
45.6
34.2
34.2
34.2
34.2
34.2
34.2
34.2
34.2
34.2
27.4
27.4
27.4
27.4
27.4
27.4
27.4
27.4
27.4
22.8
22.8
22.8
22.8
22.8
22.8
22.8
22.8
22.8
19.5
19.5
19.5
19.5
19.5
19.5
19.5
19.5
19.5
17.1
17.1
17.1
17.1
17.1
17.1
17.1
17.1
17.1
15.2
15.2
15.2
15.2
15.2
15.2
15.2
15.2
15.2
13.7
13.7
13.7
13.7
13.7
13.7
13.7
13.7
12.4
12.4
12.4
12.4
12.4
12.4
12.4
12.4
12.4
11.4
11.4
11.4
11.4
11.4
11.4
11.4
11.4
11.4
10.5
10.5
10.5
10.5
10.5
10.5
10.5
10.5
10.5
9.7
9.7
9.7
9.7
9.7
9.7
9.7
9.7
9.7
9.1
9.1
9.1
9.1
9.1
9.1
9.1
9.1
9.1
8.5
8.5
8.5
8.5
8.5
8.5
8.5
8.5
8.5
8.0
8.0
8.0
8.0
8.0
8.0
8.0
8.0
8.0
7.6
7.6
7.6
7.6
7.6
7.6
7.6
7.6
7.6
7.2
7.2
7.2
7.2
7.2
7.2
7.2
7.2
6.8
6.8
6.8
6.8
6.8
6.8
6.8
6.8
6.8
6.5
6.5
6.5
6.5
6.5
6.5
6.5
6.5
6.5
6.2
6.2
6.2
6.2
6.2
6.2
6.2
6.2
6.2
5.9
5.9
5.9
5.9
5.9
5.9
5.9
5.9
5.9
5.7
5.7
5.7
5.7
5.7
5.7
5.7
5.7
5.7
5.4
5.4
5.4
5.4
5.4
5.4
5.4
5.4
5.4
5.2
5.2
5.2
5.2
5.2
5.2
5.2
5.2
5.2
5.0
5.0
5.0
5.0
5.0
5.0
5.0
5.0
5.0
4.8
4.8
4.8
4.8
4.8
4.8
4.8
4.8
4.7
4.7
4.7
4.7
4.7
4.7
4.7
4.7
4.7
4.7
4.5
4.5
4.5
4.5
4.5
4.5
4.5
4.5
4.5
4.4
4.4
4.4
4.4
4.4
4.4
4.4
4.5
4.7
4.9
5.2
5.7
6.2
6.7
7.2
7.7
8.2
8.7
8.9
9.4
9.8
10.3
10.8
11.3
11.7
12.1
12.5
12.9
12.9
13.3
13.7
14.2
14.6
15.0
15.5
15.9
16.4
16.9
16.8
17.1
17.5
17.9
18.3
18.8
18.8
18.8
18.8
18.3
18.3
18.3
18.3
18.3
18.3
18.3
18.3
18.3
17.8
17.8
17.8
17.8
17.8
17.8
17.8
17.8
17.8
17.3
17.3
17.3
17.3
17.3
17.3
17.3
17.3
17.3
17.3
16.8
16.8
16.8
16.8
16.8
16.8
16.8
16.8
16.8
16.4
16.4
16.4
16.4
16.4
16.4
16.4
16.4
16.4
16.0
16.0
16.0
16.0
16.0
16.0
16.0
16.0
16.0
15.6
15.6
15.6
15.6
15.6
15.6
15.6
15.6
15.6
15.3
15.3
15.3
15.3
15.3
15.3
15.3
15.3
15.3
14.9
14.9
14.9
14.9
14.9
14.9
14.9
14.9
14.9
14.6
14.6
14.6
14.6
14.6
14.6
14.6
14.6
14.6
14.3
14.3
14.3
14.3
14.3
14.3
14.3
14.3
14.3
14.3
14.0
14.0
14.0
14.0
14.0
14.0
14.0
14.0
13.7
13.7
13.7
13.7
13.7
13.7
13.7
13.7
13.7
13.7
13.4
13.4
13.4
13.4
13.4
13.4
13.4
13.4
13.4
13.1
13.1
13.1
13.1
13.1
13.1
13.1
13.1
13.1
12.9
12.9
12.9
12.9
12.9
12.9
12.9
12.9
12.9
12.9
12.6
12.6
12.6
12.6
12.6
12.6
12.6
12.6
12.6
12.4
12.4
12.4
12.4
12.4
12.4
12.4
12.4
12.4
12.2
12.2
12.2
12.2
12.2
12.2
12.2
12.2
12.2
11.9
11.9
11.9
11.9
11.9
11.9
11.9
11.9
11.9
11.7
11.7
11.7
11.7
11.7
11.7
11.7
11.7
11.7
11.5
11.5
11.5
11.5
11.5
11.5
11.5
11.5
11.5
11.3
11.3
11.3
11.3