34.0
45.0
54.0
65.0
75.0
86.0
96.0
70.0
60.0
63.5
65.5
65.5
65.5
65.5
65.5
65.5
65.5
65.5
43.6
43.6
43.6
43.6
43.6
43.6
43.6
43.6
43.6
32.7
32.7
32.7
32.7
32.7
32.7
32.7
32.7
32.7
26.2
26.2
26.2
26.2
26.2
26.2
26.2
26.2
26.2
21.8
21.8
21.8
21.8
21.8
21.8
21.8
21.8
21.8
18.7
18.7
18.7
18.7
18.7
18.7
18.7
18.7
18.7
16.3
16.3
16.3
16.3
16.3
16.3
16.3
16.3
16.3
14.5
14.5
14.5
14.5
14.5
14.5
14.5
14.5
14.5
13.1
13.1
13.1
13.1
13.1
13.1
13.1
13.1
11.9
11.9
11.9
11.9
11.9
11.9
11.9
11.9
11.9
10.9
10.9
10.9
10.9
10.9
10.9
10.9
10.9
10.9
10.0
10.0
10.0
10.0
10.0
10.0
10.0
10.0
10.0
9.3
9.3
9.3
9.3
9.3
9.3
9.3
9.3
9.3
8.7
8.7
8.7
8.7
8.7
8.7
8.7
8.7
8.7
8.1
8.1
8.1
8.1
8.1
8.1
8.1
8.1
8.1
7.7
7.7
7.7
7.7
7.7
7.7
7.7
7.7
7.7
7.2
7.2
7.2
7.2
7.2
7.2
7.2
7.2
7.2
6.8
6.8
6.8
6.8
6.8
6.8
6.8
6.8
6.5
6.5
6.5
6.5
6.5
6.5
6.5
6.5
6.5
6.2
6.2
6.2
6.2
6.2
6.2
6.2
6.2
6.2
5.9
5.9
5.9
5.9
5.9
5.9
5.9
5.9
5.9
5.6
5.6
5.6
5.6
5.6
5.6
5.6
5.6
5.6
5.4
5.4
5.4
5.4
5.4
5.4
5.4
5.4
5.4
5.2
5.2
5.2
5.2
5.2
5.2
5.2
5.2
5.2
5.0
5.0
5.0
5.0
5.0
5.0
5.0
5.0
5.0
4.8
4.8
4.8
4.8
4.8
4.8
4.8
4.8
4.8
4.6
4.6
4.6
4.6
4.6
4.6
4.6
4.6
4.5
4.5
4.5
4.5
4.5
4.5
4.5
4.5
4.5
4.5
4.3
4.3
4.3
4.3
4.3
4.3
4.3
4.3
4.3
4.2
4.2
4.2
4.2
4.2
4.2
4.2
4.2
4.2
4.0
4.2
4.5
4.8
5.2
5.7
6.2
6.7
7.2
7.4
7.9
8.4
8.9
9.3
9.8
10.3
10.7
11.1
11.5
11.6
12.0
12.5
12.9
13.3
13.7
14.1
14.6
15.0
15.1
15.4
15.8
16.2
16.6
17.1
17.5
18.0
18.4
18.5
18.0
18.0
18.0
18.0
18.0
18.0
18.0
18.0
18.0
17.5
17.5
17.5
17.5
17.5
17.5
17.5
17.5
17.5
17.1
17.1
17.1
17.1
17.1
17.1
17.1
17.1
17.1
17.1
16.6
16.6
16.6
16.6
16.6
16.6
16.6
16.6
16.6
16.2
16.2
16.2
16.2
16.2
16.2
16.2
16.2
16.2
15.8
15.8
15.8
15.8
15.8
15.8
15.8
15.8
15.8
15.4
15.4
15.4
15.4
15.4
15.4
15.4
15.4
15.4
15.1
15.1
15.1
15.1
15.1
15.1
15.1
15.1
15.1
14.7
14.7
14.7
14.7
14.7
14.7
14.7
14.7
14.7
14.4
14.4
14.4
14.4
14.4
14.4
14.4
14.4
14.4
14.1
14.1
14.1
14.1
14.1
14.1
14.1
14.1
14.1
14.1
13.8
13.8
13.8
13.8
13.8
13.8
13.8
13.8
13.5
13.5
13.5
13.5
13.5
13.5
13.5
13.5
13.5
13.5
13.2
13.2
13.2
13.2
13.2
13.2
13.2
13.2
13.2
13.0
13.0
13.0
13.0
13.0
13.0
13.0
13.0
13.0
12.7
12.7
12.7
12.7
12.7
12.7
12.7
12.7
12.7
12.7
12.5
12.5
12.5
12.5
12.5
12.5
12.5
12.5
12.5
12.2
12.2
12.2
12.2
12.2
12.2
12.2
12.2
12.2
12.0
12.0
12.0
12.0
12.0
12.0
12.0
12.0
12.0
11.8
11.8
11.8
11.8
11.8
11.8
11.8
11.8
11.8
11.6
11.6
11.6
11.6
11.6
11.6
11.6
11.6
11.6
11.4
11.4
11.4
11.4
11.4
11.4
11.4
11.4
11.4
11.2
11.2
11.2
11.2
11.2