69.0
69.0
69.0
69.0
69.0
69.0
69.0
69.0
69.0
46.0
46.0
46.0
46.0
46.0
46.0
46.0
46.0
46.0
34.5
34.5
34.5
34.5
34.5
34.5
34.5
34.5
27.6
27.6
27.6
27.6
27.6
27.6
27.6
27.6
23.0
23.0
23.0
23.0
23.0
23.0
23.0
23.0
19.7
19.7
19.7
19.7
19.7
19.7
19.7
19.7
17.2
17.2
17.2
17.2
17.2
17.2
17.2
15.3
15.3
15.3
15.3
15.3
15.3
15.3
15.3
13.8
13.8
13.8
13.8
13.8
13.8
13.8
13.8
12.5
12.5
12.5
12.5
12.5
12.5
12.5
12.5
11.5
11.5
11.5
11.5
11.5
11.5
11.5
11.5
10.6
10.6
10.6
10.6
10.6
10.6
10.6
10.6
9.8
9.8
9.8
9.8
9.8
9.8
9.8
9.8
9.2
9.2
9.2
9.2
9.2
9.2
9.2
8.6
8.6
8.6
8.6
8.6
8.6
8.6
8.6
8.1
8.1
8.1
8.1
8.1
8.1
8.1
8.1
7.6
7.6
7.6
7.6
7.6
7.6
7.6
7.6
7.2
7.2
7.2
7.2
7.2
7.2
7.2
6.9
6.9
6.9
6.9
6.9
6.9
6.9
6.9
6.5
6.5
6.5
6.5
6.5
6.5
6.5
6.5
6.2
6.2
6.2
6.2
6.2
6.2
6.2
6.2
6.0
6.0
6.0
6.0
6.0
6.0
6.0
6.0
5.7
5.7
5.7
5.7
5.7
5.7
5.7
5.5
5.5
5.5
5.5
5.5
5.5
5.5
5.5
5.5
5.3
5.3
5.3
5.3
5.3
5.3
5.3
5.1
5.1
5.1
5.1
5.1
5.1
5.1
5.1
4.9
4.9
4.9
4.9
4.9
4.9
4.9
4.7
4.7
4.7
4.7
4.7
4.7
4.7
4.7
4.7
4.6
4.6
4.6
4.6
4.6
4.6
4.6
4.6
4.6
4.4
4.4
4.4
4.4
4.4
4.4
4.4
4.4
4.6
4.8
5.0
5.2
5.5
5.8
6.1
6.5
6.8
7.0
7.0
7.4
7.7
7.9
8.2
8.3
8.6
8.8
9.0
8.9
9.0
9.2
9.4
9.6
9.8
10.1
10.2
10.2
10.4
10.5
10.7
10.9
11.0
11.2
11.4
11.4
11.6
12.0
12.1
12.3
12.5
12.6
12.8
12.6
12.8
12.9
13.1
13.3
13.5
13.7
13.9
13.8
14.1
14.3
14.5
14.7
14.9
15.2
15.4
15.6
15.3
15.5
15.6
15.8
16.0
16.2
16.4
16.7
17.0
16.9
17.1
17.4
17.7
18.0
18.3
18.6
18.9
19.0
18.5
18.5
18.5
18.5
18.5
18.5
18.5
18.5
18.5
18.1
18.1
18.1
18.1
18.1
18.1
18.1
18.1
17.7
17.7
17.7
17.7
17.7
17.7
17.7
17.7
17.3
17.3
17.3
17.3
17.3
17.3
17.3
17.3
16.9
16.9
16.9
16.9
16.9
16.9
16.9
16.9
16.5
16.5
16.5
16.5
16.5
16.5
16.5
16.2
16.2
16.2
16.2
16.2
16.2
16.2
16.2
15.8
15.8
15.8
15.8
15.8
15.8
15.8
15.8
15.5
15.5
15.5
15.5
15.5
15.5
15.5
15.5
15.2
15.2
15.2
15.2
15.2
15.2
15.2
15.2
14.9
14.9
14.9
14.9
14.9
14.9
14.9
14.9
14.6
14.6
14.6
14.6
14.6
14.6
14.6
14.3
14.3
14.3
14.3
14.3
14.3