70.0
46.6
46.6
46.6
46.6
46.6
46.6
46.6
46.6
46.6
46.6
35.0
35.0
35.0
35.0
35.0
35.0
35.0
35.0
28.0
28.0
28.0
28.0
28.0
28.0
28.0
28.0
23.3
23.3
23.3
23.3
23.3
23.3
23.3
23.3
20.0
20.0
20.0
20.0
20.0
20.0
20.0
20.0
17.5
17.5
17.5
17.5
17.5
17.5
17.5
17.5
17.5
15.5
15.5
15.5
15.5
15.5
15.5
15.5
14.0
14.0
14.0
14.0
14.0
14.0
14.0
14.0
12.7
12.7
12.7
12.7
12.7
12.7
12.7
12.7
11.6
11.6
11.6
11.6
11.6
11.6
11.6
11.6
10.7
10.7
10.7
10.7
10.7
10.7
10.7
10.7
10.0
10.0
10.0
10.0
10.0
10.0
10.0
10.0
9.3
9.3
9.3
9.3
9.3
9.3
9.3
9.3
8.7
8.7
8.7
8.7
8.7
8.7
8.7
8.2
8.2
8.2
8.2
8.2
8.2
8.2
8.2
7.7
7.7
7.7
7.7
7.7
7.7
7.7
7.7
7.3
7.3
7.3
7.3
7.3
7.3
7.3
7.3
7.0
7.0
7.0
7.0
7.0
7.0
7.0
7.0
6.6
6.6
6.6
6.6
6.6
6.6
6.6
6.6
6.3
6.3
6.3
6.3
6.3
6.3
6.3
6.3
6.0
6.0
6.0
6.0
6.0
6.0
6.0
6.0
5.8
5.8
5.8
5.8
5.8
5.8
5.8
5.8
5.6
5.6
5.6
5.6
5.6
5.6
5.6
5.3
5.3
5.3
5.3
5.3
5.3
5.3
5.3
5.3
5.1
5.1
5.1
5.1
5.1
5.1
5.1
5.0
5.0
5.0
5.0
5.0
5.0
5.0
5.0
4.8
4.8
4.8
4.8
4.8
4.8
4.8
4.6
4.6
4.6
4.6
4.6
4.6
4.6
4.6
4.5
4.5
4.5
4.5
4.5
4.5
4.5
4.5
4.5
4.3
4.3
4.3
4.3
4.5
4.7
5.1
5.4
5.6
5.7
6.0
6.3
6.6
6.8
7.0
7.3
7.5
7.9
8.0
8.3
8.6
8.8
9.0
9.2
9.5
9.7
9.6
9.7
9.8
10.0
10.2
10.4
10.6
10.7
10.9
10.8
10.9
11.1
11.5
11.6
11.9
12.2
12.5
12.4
12.6
12.9
13.1
13.4
13.7
14.0
14.3
14.2
14.4
14.7
14.9
15.2
15.5
15.7
16.0
16.2
16.0
16.3
16.5
16.8
17.0
17.2
17.3
17.6
17.4
17.7
17.9
18.2
18.4
18.6
18.8
19.1
19.1
19.1
18.7
18.7
18.7
18.7
18.7
18.7
18.7
18.7
18.7
18.2
18.2
18.2
18.2
18.2
18.2
18.2
18.2
18.2
17.8
17.8
17.8
17.8
17.8
17.8
17.8
17.8
17.4
17.4
17.4
17.4
17.4
17.4
17.4
17.4
17.0
17.0
17.0
17.0
17.0
17.0
17.0
17.0
16.6
16.6
16.6
16.6
16.6
16.6
16.6
16.6
16.3
16.3
16.3
16.3
16.3
16.3
16.3
16.3
15.9
15.9
15.9
15.9
15.9
15.9
15.9
15.6
15.6
15.6
15.6
15.6
15.6
15.6
15.6
15.3
15.3
15.3
15.3
15.3
15.3
15.3
15.3
15.0
15.0
15.0
15.0
15.0
15.0
15.0
15.0
14.7
14.7
14.7
14.7
14.7
14.7
14.7
14.7
14.4
14.4
14.4
14.4
14.4
14.4
14.4
14.2
14.2
14.2
14.2