56.0
61.0
66.0
67.5
67.5
67.5
67.5
67.5
45.0
45.0
45.0
45.0
45.0
45.0
45.0
45.0
33.7
33.7
33.7
33.7
33.7
33.7
33.7
33.7
27.0
27.0
27.0
27.0
27.0
27.0
27.0
27.0
22.5
22.5
22.5
22.5
22.5
22.5
22.5
22.5
19.2
19.2
19.2
19.2
19.2
19.2
19.2
19.2
16.8
16.8
16.8
16.8
16.8
16.8
16.8
16.8
15.0
15.0
15.0
15.0
15.0
15.0
15.0
13.5
13.5
13.5
13.5
13.5
13.5
13.5
13.5
12.2
12.2
12.2
12.2
12.2
12.2
12.2
12.2
11.2
11.2
11.2
11.2
11.2
11.2
11.2
11.2
10.3
10.3
10.3
10.3
10.3
10.3
10.3
10.3
9.6
9.6
9.6
9.6
9.6
9.6
9.6
9.6
9.0
9.0
9.0
9.0
9.0
9.0
9.0
8.4
8.4
8.4
8.4
8.4
8.4
8.4
8.4
7.9
7.9
7.9
7.9
7.9
7.9
7.9
7.9
7.5
7.5
7.5
7.5
7.5
7.5
7.5
7.5
7.1
7.1
7.1
7.1
7.1
7.1
7.1
6.7
6.7
6.7
6.7
6.7
6.7
6.7
6.7
6.4
6.4
6.4
6.4
6.4
6.4
6.4
6.4
6.1
6.1
6.1
6.1
6.1
6.1
6.1
6.1
5.8
5.8
5.8
5.8
5.8
5.8
5.8
5.8
5.6
5.6
5.6
5.6
5.6
5.6
5.6
5.4
5.4
5.4
5.4
5.4
5.4
5.4
5.4
5.4
5.1
5.1
5.1
5.1
5.1
5.1
5.1
5.0
5.0
5.0
5.0
5.0
5.0
5.0
5.0
4.8
4.8
4.8
4.8
4.8
4.8
4.8
4.6
4.6
4.6
4.6
4.6
4.6
4.6
4.6
4.5
4.5
4.5
4.5
4.5
4.5
4.5
4.5
4.5
4.3
4.3
4.3
4.3
4.3
4.3
4.3
4.3
4.3
4.3
4.2
4.2
4.2
4.2
4.2
4.3
4.5
4.7
4.8
5.1
5.3
5.6
5.9
6.1
6.3
6.5
6.7
6.8
7.1
7.3
7.6
7.8
8.0
8.2
8.4
8.3
8.5
8.7
8.9
9.1
9.4
9.7
9.9
10.1
10.0
10.3
10.6
10.8
11.1
11.4
11.6
11.8
11.6
11.8
11.9
12.1
12.3
12.5
12.7
13.1
13.3
13.2
13.3
13.5
13.8
14.0
14.3
14.6
14.8
14.6
14.7
14.9
15.1
15.4
15.7
15.9
16.2
16.5
16.3
16.7
16.9
17.1
17.5
17.7
18.0
18.3
18.4
18.4
18.0
18.0
18.0
18.0
18.0
18.0
18.0
18.0
18.0
17.5
17.5
17.5
17.5
17.5
17.5
17.5
17.5
17.1
17.1
17.1
17.1
17.1
17.1
17.1
17.1
16.7
16.7
16.7
16.7
16.7
16.7
16.7
16.7
16.4
16.4
16.4
16.4
16.4
16.4
16.4
16.4
16.0
16.0
16.0
16.0
16.0
16.0
16.0
16.0
15.7
15.7
15.7
15.7
15.7
15.7
15.7
15.3
15.3
15.3
15.3
15.3
15.3
15.3
15.3
15.0
15.0
15.0
15.0
15.0
15.0
15.0
15.0
14.7
14.7
14.7
14.7
14.7
14.7
14.7
14.7
14.4
14.4
14.4
14.4
14.4
14.4
14.4
14.4
14.1
14.1
14.1
14.1
14.1
14.1
14.1
13.9
13.9
13.9
13.9
13.9
13.9
13.9
13.9