49.3
49.3
49.3
49.3
49.3
49.3
49.3
37.0
37.0
37.0
37.0
37.0
37.0
37.0
37.0
37.0
29.6
29.6
29.6
29.6
29.6
29.6
29.6
29.6
29.6
24.6
24.6
24.6
24.6
24.6
24.6
24.6
24.6
21.1
21.1
21.1
21.1
21.1
21.1
21.1
21.1
18.5
18.5
18.5
18.5
18.5
18.5
18.5
18.5
16.4
16.4
16.4
16.4
16.4
16.4
16.4
16.4
14.8
14.8
14.8
14.8
14.8
14.8
14.8
14.8
13.4
13.4
13.4
13.4
13.4
13.4
13.4
13.4
12.3
12.3
12.3
12.3
12.3
12.3
12.3
12.3
11.3
11.3
11.3
11.3
11.3
11.3
11.3
10.5
10.5
10.5
10.5
10.5
10.5
10.5
10.5
9.8
9.8
9.8
9.8
9.8
9.8
9.8
9.8
9.2
9.2
9.2
9.2
9.2
9.2
9.2
9.2
8.7
8.7
8.7
8.7
8.7
8.7
8.7
8.2
8.2
8.2
8.2
8.2
8.2
8.2
8.2
7.7
7.7
7.7
7.7
7.7
7.7
7.7
7.7
7.4
7.4
7.4
7.4
7.4
7.4
7.4
7.4
7.0
7.0
7.0
7.0
7.0
7.0
7.0
7.0
6.7
6.7
6.7
6.7
6.7
6.7
6.7
6.7
6.4
6.4
6.4
6.4
6.4
6.4
6.4
6.1
6.1
6.1
6.1
6.1
6.1
6.1
6.1
5.9
5.9
5.9
5.9
5.9
5.9
5.9
5.9
5.6
5.6
5.6
5.6
5.6
5.6
5.6
5.6
5.6
5.4
5.4
5.4
5.4
5.4
5.4
5.4
5.4
5.4
5.2
5.2
5.2
5.2
5.2
5.2
5.2
5.2
5.1
5.1
5.1
5.1
5.1
5.1
5.1
5.1
4.9
4.9
4.9
4.9
4.9
4.9
4.9
4.9
4.9
4.7
4.7
4.7
4.7
4.7
4.7
4.7
4.7
4.7
4.6
4.6
4.7
5.0
5.3
5.6
6.0
6.5
6.9
7.1
7.5
7.8
8.2
8.5
8.8
9.1
9.3
9.6
9.6
9.8
10.1
10.4
10.6
10.8
11.0
11.2
11.1
11.4
11.7
12.0
12.3
12.5
12.6
12.8
13.0
12.8
13.0
13.1
13.3
13.5
13.7
14.0
14.3
14.5
14.2
14.4
14.6
14.8
14.9
15.1
15.4
15.6
15.3
15.5
15.7
15.8
16.0
16.2
16.4
16.6
16.7
16.5
16.7
16.9
17.0
17.2
17.3
17.5
17.7
17.9
17.6
17.8
18.0
18.3
18.5
18.7
18.9
18.9
18.9
18.4
18.4
18.4
18.4
18.4
18.4
18.4
18.4
18.4
18.0
18.0
18.0
18.0
18.0
18.0
18.0
18.0
18.0
18.0
17.6
17.6
17.6
17.6
17.6
17.6
17.6
17.6
17.6
17.2
17.2
17.2
17.2
17.2
17.2
17.2
17.2
16.8
16.8
16.8
16.8
16.8
16.8
16.8
16.8
16.5
16.5
16.5
16.5
16.5
16.5
16.5
16.5
16.1
16.1
16.1
16.1
16.1
16.1
16.1
16.1
15.8
15.8
15.8
15.8
15.8
15.8
15.8
15.4
15.4
15.4
15.4
15.4
15.4
15.4
15.4
15.1
15.1
15.1
15.1
15.1
15.1
15.1
15.1
14.8
14.8
14.8
14.8
14.8
14.8
14.8
14.8
14.5
14.5
14.5
14.5
14.5
14.5
14.5
14.5
14.3
14.3
14.3
14.3
14.3
14.3