87.0
97.0
54.0
59.0
64.0
66.5
66.5
66.5
66.5
66.5
66.5
44.3
44.3
44.3
44.3
44.3
44.3
44.3
44.3
44.3
33.2
33.2
33.2
33.2
33.2
33.2
33.2
33.2
26.6
26.6
26.6
26.6
26.6
26.6
26.6
26.6
22.1
22.1
22.1
22.1
22.1
22.1
22.1
22.1
19.0
19.0
19.0
19.0
19.0
19.0
19.0
19.0
16.6
16.6
16.6
16.6
16.6
16.6
16.6
16.6
14.7
14.7
14.7
14.7
14.7
14.7
14.7
14.7
13.3
13.3
13.3
13.3
13.3
13.3
13.3
12.0
12.0
12.0
12.0
12.0
12.0
12.0
12.0
11.0
11.0
11.0
11.0
11.0
11.0
11.0
11.0
10.2
10.2
10.2
10.2
10.2
10.2
10.2
10.2
9.5
9.5
9.5
9.5
9.5
9.5
9.5
9.5
8.8
8.8
8.8
8.8
8.8
8.8
8.8
8.3
8.3
8.3
8.3
8.3
8.3
8.3
8.3
7.8
7.8
7.8
7.8
7.8
7.8
7.8
7.8
7.3
7.3
7.3
7.3
7.3
7.3
7.3
7.3
7.0
7.0
7.0
7.0
7.0
7.0
7.0
7.0
6.6
6.6
6.6
6.6
6.6
6.6
6.6
6.6
6.3
6.3
6.3
6.3
6.3
6.3
6.3
6.0
6.0
6.0
6.0
6.0
6.0
6.0
6.0
5.7
5.7
5.7
5.7
5.7
5.7
5.7
5.7
5.5
5.5
5.5
5.5
5.5
5.5
5.5
5.5
5.5
5.3
5.3
5.3
5.3
5.3
5.3
5.3
5.3
5.1
5.1
5.1
5.1
5.1
5.1
5.1
5.1
4.9
4.9
4.9
4.9
4.9
4.9
4.9
4.9
4.9
4.7
4.7
4.7
4.7
4.7
4.7
4.7
4.7
4.7
4.5
4.5
4.5
4.5
4.5
4.5
4.5
4.5
4.4
4.4
4.4
4.4
4.4
4.4
4.4
4.4
4.4
4.4
4.2
4.2
4.2
4.2
4.2
4.2
4.2
4.2
4.2
4.1
4.1
4.1
4.2
4.4
4.7
5.0
5.3
5.5
5.5
5.7
5.9
6.0
6.2
6.4
6.7
7.0
7.2
7.5
7.7
8.0
8.3
8.5
8.7
8.9
9.0
9.0
9.3
9.6
9.8
10.1
10.4
10.5
10.6
10.8
10.6
10.8
11.1
11.3
11.4
11.6
11.8
12.0
11.9
12.1
12.3
12.7
12.9
13.1
13.4
13.7
13.6
13.9
14.1
14.3
14.6
14.8
15.0
15.3
15.6
15.4
15.6
16.0
16.3
16.6
16.9
17.2
17.5
18.0
18.3
18.2
18.3
18.3
18.3
18.3
18.3
18.3
18.3
18.3
17.9
17.9
17.9
17.9
17.9
17.9
17.9
17.9
17.9
17.5
17.5
17.5
17.5
17.5
17.5
17.5
17.5
17.0
17.0
17.0
17.0
17.0
17.0
17.0
17.0
16.7
16.7
16.7
16.7
16.7
16.7
16.7
16.7
16.3
16.3
16.3
16.3
16.3
16.3
16.3
16.3
15.9
15.9
15.9
15.9
15.9
15.9
15.9
15.6
15.6
15.6
15.6
15.6
15.6
15.6
15.6
15.3
15.3
15.3
15.3
15.3
15.3
15.3
15.3
15.0
15.0
15.0
15.0
15.0
15.0
15.0
15.0
14.7
14.7
14.7
14.7
14.7
14.7
14.7
14.4
14.4
14.4
14.4
14.4
14.4
14.4
14.4
14.1
14.1
14.1
14.1
14.1
14.1