51.0
61.0
35.5
40.5
46.0
51.0
56.0
61.0
65.5
65.5
65.5
65.5
43.6
43.6
43.6
43.6
43.6
43.6
43.6
43.6
43.6
32.7
32.7
32.7
32.7
32.7
32.7
32.7
32.7
32.7
26.2
26.2
26.2
26.2
26.2
26.2
26.2
26.2
26.2
21.8
21.8
21.8
21.8
21.8
21.8
21.8
21.8
21.8
18.7
18.7
18.7
18.7
18.7
18.7
18.7
18.7
18.7
16.3
16.3
16.3
16.3
16.3
16.3
16.3
16.3
14.5
14.5
14.5
14.5
14.5
14.5
14.5
14.5
14.5
13.1
13.1
13.1
13.1
13.1
13.1
13.1
13.1
13.1
11.9
11.9
11.9
11.9
11.9
11.9
11.9
11.9
11.9
10.9
10.9
10.9
10.9
10.9
10.9
10.9
10.9
10.9
10.0
10.0
10.0
10.0
10.0
10.0
10.0
10.0
9.3
9.3
9.3
9.3
9.3
9.3
9.3
9.3
9.3
8.7
8.7
8.7
8.7
8.7
8.7
8.7
8.7
8.1
8.1
8.1
8.1
8.1
8.1
8.1
8.1
8.1
7.7
7.7
7.7
7.7
7.7
7.7
7.7
7.7
7.7
7.2
7.2
7.2
7.2
7.2
7.2
7.2
7.2
7.2
6.8
6.8
6.8
6.8
6.8
6.8
6.8
6.8
6.5
6.5
6.5
6.5
6.5
6.5
6.5
6.5
6.5
6.2
6.2
6.2
6.2
6.2
6.2
6.2
6.2
5.9
5.9
5.9
5.9
5.9
5.9
5.9
5.9
5.9
5.6
5.6
5.6
5.6
5.6
5.6
5.6
5.6
5.6
5.4
5.4
5.4
5.4
5.4
5.4
5.4
5.4
5.4
5.2
5.2
5.2
5.2
5.2
5.2
5.2
5.2
5.2
5.0
5.0
5.0
5.0
5.0
5.0
5.0
5.0
5.0
4.8
4.8
4.8
4.8
4.8
4.8
4.8
4.8
4.8
4.6
4.6
4.6
4.6
4.6
4.6
4.6
4.6
4.6
4.5
4.5
4.5
4.5
4.5
4.5
4.5
4.5
4.3
4.3
4.3
4.3
4.3
4.3
4.3
4.3
4.3
4.2
4.2
4.2
4.2
4.2
4.2
4.2
4.2
4.2
4.0
4.0
4.0
4.0
4.0
4.0
4.2
4.5
4.8
5.0
5.4
5.7
6.1
6.5
6.9
7.3
7.6
8.0
8.4
8.5
8.9
9.3
9.6
10.0
10.4
10.7
11.1
11.5
11.5
11.8
12.2
12.6
12.9
13.3
13.7
14.0
14.4
14.7
14.6
15.0
15.4
15.8
16.1
16.6
17.0
17.5
17.9
17.9
18.2
18.2
18.2
18.2
18.2
18.2
18.2
18.2
17.7
17.7
17.7
17.7
17.7
17.7
17.7
17.7
17.7
17.3
17.3
17.3
17.3
17.3
17.3
17.3
17.3
17.3
16.8
16.8
16.8
16.8
16.8
16.8
16.8
16.8
16.8
16.4
16.4
16.4
16.4
16.4
16.4
16.4
16.4
16.4
16.0
16.0
16.0
16.0
16.0
16.0
16.0
16.0
15.6
15.6
15.6
15.6
15.6
15.6
15.6
15.6
15.6
15.3
15.3
15.3
15.3
15.3
15.3
15.3
15.3
15.3
15.0
15.0
15.0
15.0
15.0
15.0
15.0
15.0
14.6
14.6
14.6
14.6
14.6
14.6
14.6
14.6
14.6
14.3
14.3
14.3
14.3
14.3
14.3
14.3
14.3
14.0
14.0
14.0
14.0
14.0
14.0
14.0
14.0
14.0
13.7
13.7
13.7
13.7
13.7
13.7
13.7
13.7
13.7
13.5
13.5
13.5
13.5
13.5
13.5
13.5
13.5
13.2
13.2
13.2
13.2
13.2
13.2
13.2
13.2
13.2
12.9
12.9
12.9
12.9
12.9
12.9
12.9
12.9
12.9
12.7
12.7
12.7
12.7
12.7
12.7
12.7
12.7
12.5
12.5
12.5
12.5
12.5
12.5
12.5
12.5
12.5
12.2
12.2
12.2
12.2
12.2
12.2
12.2
12.2
12.0
12.0
12.0
12.0
12.0
12.0
12.0
12.0
12.0
11.8
11.8
11.8
11.8
11.8
11.8
11.8
11.8
11.8
11.6
11.6
11.6
11.6
11.6
11.6
11.6
11.6
11.4
11.4
11.4
11.4
11.4
11.4
11.4
11.4
11.4
11.2
11.2
11.2
11.2
11.2
11.2
11.2