82.0
92.0
30.0
56.5
62.0
67.5
72.0
73.0
73.0
73.0
73.0
73.0
73.0
48.6
48.6
48.6
48.6
48.6
48.6
48.6
48.6
48.6
36.5
36.5
36.5
36.5
36.5
36.5
36.5
36.5
36.5
29.2
29.2
29.2
29.2
29.2
29.2
29.2
29.2
29.2
24.3
24.3
24.3
24.3
24.3
24.3
24.3
24.3
24.3
20.8
20.8
20.8
20.8
20.8
20.8
20.8
20.8
20.8
18.2
18.2
18.2
18.2
18.2
18.2
18.2
18.2
16.2
16.2
16.2
16.2
16.2
16.2
16.2
16.2
16.2
14.6
14.6
14.6
14.6
14.6
14.6
14.6
14.6
14.6
13.2
13.2
13.2
13.2
13.2
13.2
13.2
13.2
13.2
12.1
12.1
12.1
12.1
12.1
12.1
12.1
12.1
12.1
12.1
11.2
11.2
11.2
11.2
11.2
11.2
11.2
11.2
10.4
10.4
10.4
10.4
10.4
10.4
10.4
10.4
10.4
9.7
9.7
9.7
9.7
9.7
9.7
9.7
9.7
9.1
9.1
9.1
9.1
9.1
9.1
9.1
9.1
9.1
8.5
8.5
8.5
8.5
8.5
8.5
8.5
8.5
8.5
8.1
8.1
8.1
8.1
8.1
8.1
8.1
8.1
7.6
7.6
7.6
7.6
7.6
7.6
7.6
7.6
7.6
7.3
7.3
7.3
7.3
7.3
7.3
7.3
7.3
7.3
6.9
6.9
6.9
6.9
6.9
6.9
6.9
6.9
6.9
6.6
6.6
6.6
6.6
6.6
6.6
6.6
6.6
6.6
6.3
6.3
6.3
6.3
6.3
6.3
6.3
6.3
6.3
6.0
6.0
6.0
6.0
6.0
6.0
6.0
6.0
6.0
5.8
5.8
5.8
5.8
5.8
5.8
5.8
5.8
5.8
5.6
5.6
5.6
5.6
5.6
5.6
5.6
5.6
5.6
5.4
5.4
5.4
5.4
5.4
5.4
5.4
5.4
5.4
5.2
5.2
5.2
5.2
5.2
5.2
5.2
5.2
5.2
5.0
5.0
5.0
5.0
5.0
5.0
5.0
5.0
4.8
4.8
4.8
4.8
4.8
4.8
4.8
4.8
4.8
4.7
4.7
4.7
4.7
4.7
4.7
4.7
4.7
4.7
4.5
4.5
4.5
4.6
4.9
5.2
5.5
5.9
6.3
6.5
6.9
7.3
7.6
8.0
8.3
8.7
9.1
9.5
9.8
9.9
10.3
10.6
11.0
11.3
11.7
12.1
12.4
12.8
12.8
13.1
13.5
13.8
14.2
14.5
14.9
15.2
15.6
16.0
15.9
16.2
16.6
17.0
17.3
17.7
18.2
18.6
19.0
18.6
18.6
18.6
18.6
18.6
18.6
18.6
18.6
18.6
18.6
18.1
18.1
18.1
18.1
18.1
18.1
18.1
18.1
18.1
17.6
17.6
17.6
17.6
17.6
17.6
17.6
17.6
17.6
17.2
17.2
17.2
17.2
17.2
17.2
17.2
17.2
16.8
16.8
16.8
16.8
16.8
16.8
16.8
16.8
16.8
16.4
16.4
16.4
16.4
16.4
16.4
16.4
16.4
16.4
16.0
16.0
16.0
16.0
16.0
16.0
16.0
16.0
16.0
15.6
15.6
15.6
15.6
15.6
15.6
15.6
15.6
15.6
15.3
15.3
15.3
15.3
15.3
15.3
15.3
15.3
14.9
14.9
14.9
14.9
14.9
14.9
14.9
14.9
14.9
14.6
14.6
14.6
14.6
14.6
14.6
14.6
14.6
14.6
14.3
14.3
14.3
14.3
14.3
14.3
14.3
14.3
14.0
14.0
14.0
14.0
14.0
14.0
14.0
14.0
14.0
13.7
13.7
13.7
13.7
13.7
13.7
13.7
13.7
13.5
13.5
13.5
13.5
13.5
13.5
13.5
13.5
13.5
13.2
13.2
13.2
13.2
13.2
13.2
13.2
13.2
13.2
13.0
13.0
13.0
13.0
13.0
13.0
13.0
13.0
12.7
12.7
12.7
12.7
12.7
12.7
12.7
12.7
12.7
12.5
12.5
12.5
12.5
12.5
12.5
12.5
12.5
12.3
12.3
12.3
12.3
12.3
12.3
12.3
12.3
12.3
12.0
12.0
12.0
12.0
12.0
12.0
12.0
12.0
12.0
11.8
11.8
11.8
11.8
11.8
11.8
11.8
11.8
11.6
11.6
11.6
11.6
11.6
11.6
11.6
11.6
11.6
11.4
11.4
11.4