98.0
80.0
70.0
64.0
69.0
71.0
71.0
71.0
71.0
71.0
71.0
71.0
71.0
47.3
47.3
47.3
47.3
47.3
47.3
47.3
47.3
47.3
35.5
35.5
35.5
35.5
35.5
35.5
35.5
35.5
35.5
28.4
28.4
28.4
28.4
28.4
28.4
28.4
28.4
28.4
23.6
23.6
23.6
23.6
23.6
23.6
23.6
23.6
20.2
20.2
20.2
20.2
20.2
20.2
20.2
20.2
20.2
17.7
17.7
17.7
17.7
17.7
17.7
17.7
17.7
17.7
15.7
15.7
15.7
15.7
15.7
15.7
15.7
15.7
15.7
14.2
14.2
14.2
14.2
14.2
14.2
14.2
14.2
12.9
12.9
12.9
12.9
12.9
12.9
12.9
12.9
12.9
11.8
11.8
11.8
11.8
11.8
11.8
11.8
11.8
10.9
10.9
10.9
10.9
10.9
10.9
10.9
10.9
10.9
10.1
10.1
10.1
10.1
10.1
10.1
10.1
10.1
10.1
9.4
9.4
9.4
9.4
9.4
9.4
9.4
9.4
8.8
8.8
8.8
8.8
8.8
8.8
8.8
8.8
8.8
8.3
8.3
8.3
8.3
8.3
8.3
8.3
8.3
7.8
7.8
7.8
7.8
7.8
7.8
7.8
7.8
7.8
7.4
7.4
7.4
7.4
7.4
7.4
7.4
7.4
7.4
7.1
7.1
7.1
7.1
7.1
7.1
7.1
7.1
6.7
6.7
6.7
6.7
6.7
6.7
6.7
6.7
6.7
6.4
6.4
6.4
6.4
6.4
6.4
6.4
6.4
6.4
6.1
6.1
6.1
6.1
6.1
6.1
6.1
6.1
6.1
5.9
5.9
5.9
5.9
5.9
5.9
5.9
5.9
5.9
5.6
5.6
5.6
5.6
5.6
5.6
5.6
5.6
5.6
5.4
5.4
5.4
5.4
5.4
5.4
5.4
5.4
5.2
5.2
5.2
5.2
5.2
5.2
5.2
5.2
5.2
5.0
5.0
5.0
5.0
5.0
5.0
5.0
5.0
5.0
4.8
4.8
4.8
4.8
4.8
4.8
4.8
4.8
4.8
4.7
4.7
4.7
4.7
4.7
4.7
4.7
4.7
4.5
4.5
4.5
4.5
4.5
4.5
4.5
4.5
4.5
4.4
4.4
4.6
4.9
5.2
5.7
6.2
6.7
7.2
7.4
7.8
8.2
8.6
9.0
9.3
9.7
10.1
10.5
10.9
10.9
11.3
11.7
12.0
12.4
12.8
13.2
13.6
14.0
13.9
14.2
14.6
15.0
15.3
15.6
16.0
16.4
16.8
16.7
17.0
17.4
17.7
18.1
18.5
18.8
19.1
19.1
19.1
18.5
18.5
18.5
18.5
18.5
18.5
18.5
18.5
18.5
18.1
18.1
18.1
18.1
18.1
18.1
18.1
18.1
18.1
17.6
17.6
17.6
17.6
17.6
17.6
17.6
17.6
17.6
17.2
17.2
17.2
17.2
17.2
17.2
17.2
17.2
17.2
16.7
16.7
16.7
16.7
16.7
16.7
16.7
16.7
16.7
16.3
16.3
16.3
16.3
16.3
16.3
16.3
16.3
16.3
16.0
16.0
16.0
16.0
16.0
16.0
16.0
16.0
15.6
15.6
15.6
15.6
15.6
15.6
15.6
15.6
15.6
15.2
15.2
15.2
15.2
15.2
15.2
15.2
15.2
15.2
14.9
14.9
14.9
14.9
14.9
14.9
14.9
14.9
14.9
14.6
14.6
14.6
14.6
14.6
14.6
14.6
14.6
14.6
14.3
14.3
14.3
14.3
14.3
14.3
14.3
14.3
14.3
14.0
14.0
14.0
14.0
14.0
14.0
14.0
14.0
13.7
13.7
13.7
13.7
13.7
13.7
13.7
13.7
13.7
13.4
13.4
13.4
13.4
13.4
13.4
13.4
13.4
13.4
13.2
13.2
13.2
13.2
13.2
13.2
13.2
13.2
13.2
12.9
12.9
12.9
12.9
12.9
12.9
12.9
12.9
12.9
12.7
12.7
12.7
12.7
12.7
12.7
12.7
12.7
12.5
12.5
12.5
12.5
12.5
12.5
12.5
12.5
12.5
12.2
12.2
12.2
12.2
12.2
12.2
12.2
12.2
12.0
12.0
12.0
12.0
12.0
12.0
12.0
12.0
12.0
11.8
11.8
11.8
11.8
11.8
11.8
11.8
11.8
11.8
11.6
11.6
11.6
11.6
11.6
11.6
11.6
11.6
11.4
11.4
11.4
11.4
11.4
11.4