70.5
70.5
70.5
47.0
47.0
47.0
47.0
47.0
47.0
47.0
47.0
47.0
35.2
35.2
35.2
35.2
35.2
35.2
35.2
35.2
28.2
28.2
28.2
28.2
28.2
28.2
28.2
28.2
23.5
23.5
23.5
23.5
23.5
23.5
23.5
23.5
20.1
20.1
20.1
20.1
20.1
20.1
20.1
20.1
17.6
17.6
17.6
17.6
17.6
17.6
17.6
17.6
15.6
15.6
15.6
15.6
15.6
15.6
15.6
14.1
14.1
14.1
14.1
14.1
14.1
14.1
14.1
12.8
12.8
12.8
12.8
12.8
12.8
12.8
12.8
11.7
11.7
11.7
11.7
11.7
11.7
11.7
11.7
10.8
10.8
10.8
10.8
10.8
10.8
10.8
10.8
10.0
10.0
10.0
10.0
10.0
10.0
10.0
10.0
9.4
9.4
9.4
9.4
9.4
9.4
9.4
9.4
8.8
8.8
8.8
8.8
8.8
8.8
8.8
8.2
8.2
8.2
8.2
8.2
8.2
8.2
8.2
7.8
7.8
7.8
7.8
7.8
7.8
7.8
7.8
7.4
7.4
7.4
7.4
7.4
7.4
7.4
7.4
7.0
7.0
7.0
7.0
7.0
7.0
7.0
6.7
6.7
6.7
6.7
6.7
6.7
6.7
6.7
6.4
6.4
6.4
6.4
6.4
6.4
6.4
6.4
6.1
6.1
6.1
6.1
6.1
6.1
6.1
6.1
5.8
5.8
5.8
5.8
5.8
5.8
5.8
5.8
5.6
5.6
5.6
5.6
5.6
5.6
5.6
5.4
5.4
5.4
5.4
5.4
5.4
5.4
5.4
5.4
5.2
5.2
5.2
5.2
5.2
5.2
5.2
5.0
5.0
5.0
5.0
5.0
5.0
5.0
5.0
4.8
4.8
4.8
4.8
4.8
4.8
4.8
4.7
4.7
4.7
4.7
4.7
4.7
4.7
4.7
4.7
4.5
4.5
4.5
4.5
4.5
4.5
4.5
4.5
4.4
4.4
4.6
4.9
5.2
5.5
5.9
6.2
6.5
6.6
7.0
7.2
7.4
7.6
7.8
8.0
8.2
8.5
8.4
8.5
8.7
9.0
9.1
9.3
9.5
9.7
9.7
10.0
10.2
10.5
10.8
11.0
11.2
11.3
11.5
11.4
11.6
11.8
12.0
12.3
12.6
12.7
12.9
13.0
12.8
13.0
13.1
13.3
13.5
13.7
14.0
14.3
14.2
14.5
14.7
14.9
15.2
15.4
15.5
15.7
15.4
15.6
15.7
15.9
16.1
16.2
16.4
16.6
16.8
16.6
16.8
17.1
17.4
17.6
17.8
18.0
18.2
18.5
18.3
18.5
18.8
18.8
18.8
18.8
18.8
18.8
18.8
18.3
18.3
18.3
18.3
18.3
18.3
18.3
18.3
18.3
17.9
17.9
17.9
17.9
17.9
17.9
17.9
17.9
17.5
17.5
17.5
17.5
17.5
17.5
17.5
17.5
17.1
17.1
17.1
17.1
17.1
17.1
17.1
17.1
16.7
16.7
16.7
16.7
16.7
16.7
16.7
16.7
16.4
16.4
16.4
16.4
16.4
16.4
16.4
16.4
16.0
16.0
16.0
16.0
16.0
16.0
16.0
15.7
15.7
15.7
15.7
15.7
15.7
15.7
15.7
15.4
15.4
15.4
15.4
15.4
15.4
15.4
15.4
15.1
15.1
15.1
15.1
15.1
15.1
15.1
15.1
14.8
14.8
14.8
14.8
14.8
14.8
14.8
14.8
14.5
14.5
14.5
14.5
14.5
14.5
14.5
14.2
14.2
14.2
14.2