68.0
69.0
69.0
69.0
69.0
69.0
69.0
69.0
69.0
46.0
46.0
46.0
46.0
46.0
46.0
46.0
46.0
34.5
34.5
34.5
34.5
34.5
34.5
34.5
34.5
27.6
27.6
27.6
27.6
27.6
27.6
27.6
27.6
23.0
23.0
23.0
23.0
23.0
23.0
23.0
23.0
19.7
19.7
19.7
19.7
19.7
19.7
19.7
19.7
17.2
17.2
17.2
17.2
17.2
17.2
17.2
15.3
15.3
15.3
15.3
15.3
15.3
15.3
15.3
15.3
13.8
13.8
13.8
13.8
13.8
13.8
13.8
13.8
12.5
12.5
12.5
12.5
12.5
12.5
12.5
12.5
11.5
11.5
11.5
11.5
11.5
11.5
11.5
11.5
10.6
10.6
10.6
10.6
10.6
10.6
10.6
10.6
9.8
9.8
9.8
9.8
9.8
9.8
9.8
9.2
9.2
9.2
9.2
9.2
9.2
9.2
9.2
8.6
8.6
8.6
8.6
8.6
8.6
8.6
8.6
8.1
8.1
8.1
8.1
8.1
8.1
8.1
8.1
7.6
7.6
7.6
7.6
7.6
7.6
7.6
7.6
7.2
7.2
7.2
7.2
7.2
7.2
7.2
6.9
6.9
6.9
6.9
6.9
6.9
6.9
6.9
6.5
6.5
6.5
6.5
6.5
6.5
6.5
6.5
6.2
6.2
6.2
6.2
6.2
6.2
6.2
6.2
6.0
6.0
6.0
6.0
6.0
6.0
6.0
6.0
5.7
5.7
5.7
5.7
5.7
5.7
5.7
5.7
5.5
5.5
5.5
5.5
5.5
5.5
5.5
5.5
5.3
5.3
5.3
5.3
5.3
5.3
5.3
5.3
5.1
5.1
5.1
5.1
5.1
5.1
5.1
5.1
4.9
4.9
4.9
4.9
4.9
4.9
4.9
4.9
4.7
4.7
4.7
4.7
4.7
4.7
4.7
4.7
4.6
4.6
4.6
4.6
4.6
4.6
4.6
4.6
4.6
4.4
4.4
4.4
4.4
4.4
4.4
4.4
4.4
4.4
4.4
4.3
4.3
4.4
4.6
5.0
5.2
5.3
5.5
5.5
5.6
5.8
6.0
6.2
6.4
6.6
6.8
7.0
7.0
7.2
7.4
7.6
7.8
8.0
8.2
8.4
8.3
8.7
9.0
9.2
9.5
9.6
9.8
10.0
10.2
10.1
10.3
10.6
10.9
11.1
11.4
11.6
11.7
11.6
11.8
12.1
12.3
12.5
12.8
13.0
13.1
13.0
13.3
13.6
13.8
14.1
14.4
14.6
14.9
15.1
15.0
15.2
15.6
15.8
16.1
16.4
16.6
16.8
16.7
17.0
17.2
17.5
17.8
18.2
18.5
18.8
18.8
18.8
18.3
18.3
18.3
18.3
18.3
18.3
18.3
18.3
18.3
17.9
17.9
17.9
17.9
17.9
17.9
17.9
17.9
17.5
17.5
17.5
17.5
17.5
17.5
17.5
17.5
17.1
17.1
17.1
17.1
17.1
17.1
17.1
17.1
16.7
16.7
16.7
16.7
16.7
16.7
16.7
16.7
16.3
16.3
16.3
16.3
16.3
16.3
16.3
16.3
16.0
16.0
16.0
16.0
16.0
16.0
16.0
15.6
15.6
15.6
15.6
15.6
15.6
15.6
15.6
15.3
15.3
15.3
15.3
15.3
15.3
15.3
15.3
15.0
15.0
15.0
15.0
15.0
15.0
15.0
15.0
14.7
14.7
14.7
14.7
14.7
14.7
14.7
14.7
14.4
14.4
14.4
14.4
14.4
14.4
14.4
14.2
14.2
14.2
14.2
14.2