86.0
96.0
60.0
70.0
80.0
20.0
20.0
66.0
66.0
66.0
66.0
66.0
66.0
66.0
66.0
66.0
44.0
44.0
44.0
44.0
44.0
44.0
44.0
44.0
33.0
33.0
33.0
33.0
33.0
33.0
33.0
33.0
26.4
26.4
26.4
26.4
26.4
26.4
26.4
26.4
22.0
22.0
22.0
22.0
22.0
22.0
22.0
18.8
18.8
18.8
18.8
18.8
18.8
18.8
18.8
16.5
16.5
16.5
16.5
16.5
16.5
16.5
16.5
14.6
14.6
14.6
14.6
14.6
14.6
14.6
14.6
13.2
13.2
13.2
13.2
13.2
13.2
13.2
13.2
12.0
12.0
12.0
12.0
12.0
12.0
12.0
12.0
11.0
11.0
11.0
11.0
11.0
11.0
11.0
11.0
10.1
10.1
10.1
10.1
10.1
10.1
10.1
10.1
9.4
9.4
9.4
9.4
9.4
9.4
9.4
8.8
8.8
8.8
8.8
8.8
8.8
8.8
8.8
8.2
8.2
8.2
8.2
8.2
8.2
8.2
8.2
7.7
7.7
7.7
7.7
7.7
7.7
7.7
7.7
7.3
7.3
7.3
7.3
7.3
7.3
7.3
6.9
6.9
6.9
6.9
6.9
6.9
6.9
6.9
6.6
6.6
6.6
6.6
6.6
6.6
6.6
6.6
6.2
6.2
6.2
6.2
6.2
6.2
6.2
6.2
6.0
6.0
6.0
6.0
6.0
6.0
6.0
6.0
5.7
5.7
5.7
5.7
5.7
5.7
5.7
5.7
5.5
5.5
5.5
5.5
5.5
5.5
5.5
5.5
5.2
5.2
5.2
5.2
5.2
5.2
5.2
5.2
5.0
5.0
5.0
5.0
5.0
5.0
5.0
5.0
4.8
4.8
4.8
4.8
4.8
4.8
4.8
4.7
4.7
4.7
4.7
4.7
4.7
4.7
4.7
4.7
4.5
4.5
4.5
4.5
4.5
4.5
4.5
4.5
4.4
4.4
4.4
4.4
4.4
4.4
4.4
4.4
4.4
4.4
4.2
4.2
4.2
4.2
4.2
4.2
4.2
4.4
4.5
4.8
5.0
5.2
5.5
5.7
5.9
6.1
6.3
6.3
6.5
6.7
6.9
7.1
7.3
7.6
7.7
7.7
8.0
8.4
8.6
8.8
9.2
9.5
9.7
10.0
10.0
10.3
10.6
10.9
11.0
11.2
11.4
11.6
11.4
11.6
11.8
12.0
12.2
12.4
12.6
12.8
12.6
12.8
13.0
13.2
13.3
13.5
13.7
13.8
14.1
13.9
14.1
14.4
14.7
15.0
15.2
15.5
15.7
16.0
15.9
16.2
16.5
16.8
17.1
17.4
17.7
18.0
18.5
18.3
18.3
18.3
18.3
18.3
18.3
18.3
18.3
18.3
17.9
17.9
17.9
17.9
17.9
17.9
17.9
17.9
17.9
17.4
17.4
17.4
17.4
17.4
17.4
17.4
17.4
17.0
17.0
17.0
17.0
17.0
17.0
17.0
17.0
16.6
16.6
16.6
16.6
16.6
16.6
16.6
16.6
16.3
16.3
16.3
16.3
16.3
16.3
16.3
16.3
15.9
15.9
15.9
15.9
15.9
15.9
15.9
15.6
15.6
15.6
15.6
15.6
15.6
15.6
15.6
15.2
15.2
15.2
15.2
15.2
15.2
15.2
15.2
14.9
14.9
14.9
14.9
14.9
14.9
14.9
14.9
14.6
14.6
14.6
14.6
14.6
14.6
14.6
14.6
14.3
14.3
14.3
14.3
14.3
14.3
14.3
14.1
14.1
14.1
14.1
14.1
14.1
14.1