69.0
69.0
69.0
69.0
46.0
46.0
46.0
46.0
46.0
46.0
46.0
46.0
46.0
34.5
34.5
34.5
34.5
34.5
34.5
34.5
34.5
27.6
27.6
27.6
27.6
27.6
27.6
27.6
27.6
23.0
23.0
23.0
23.0
23.0
23.0
23.0
23.0
19.7
19.7
19.7
19.7
19.7
19.7
19.7
19.7
17.2
17.2
17.2
17.2
17.2
17.2
17.2
15.3
15.3
15.3
15.3
15.3
15.3
15.3
15.3
13.8
13.8
13.8
13.8
13.8
13.8
13.8
13.8
12.5
12.5
12.5
12.5
12.5
12.5
12.5
12.5
11.5
11.5
11.5
11.5
11.5
11.5
11.5
11.5
10.6
10.6
10.6
10.6
10.6
10.6
10.6
10.6
9.8
9.8
9.8
9.8
9.8
9.8
9.8
9.8
9.2
9.2
9.2
9.2
9.2
9.2
9.2
9.2
8.6
8.6
8.6
8.6
8.6
8.6
8.6
8.1
8.1
8.1
8.1
8.1
8.1
8.1
8.1
7.6
7.6
7.6
7.6
7.6
7.6
7.6
7.6
7.2
7.2
7.2
7.2
7.2
7.2
7.2
7.2
6.9
6.9
6.9
6.9
6.9
6.9
6.9
6.5
6.5
6.5
6.5
6.5
6.5
6.5
6.5
6.2
6.2
6.2
6.2
6.2
6.2
6.2
6.2
6.0
6.0
6.0
6.0
6.0
6.0
6.0
6.0
5.7
5.7
5.7
5.7
5.7
5.7
5.7
5.5
5.5
5.5
5.5
5.5
5.5
5.5
5.5
5.3
5.3
5.3
5.3
5.3
5.3
5.3
5.3
5.3
5.1
5.1
5.1
5.1
5.1
5.1
5.1
4.9
4.9
4.9
4.9
4.9
4.9
4.9
4.9
4.7
4.7
4.7
4.7
4.7
4.7
4.7
4.6
4.6
4.6
4.6
4.6
4.6
4.6
4.6
4.4
4.4
4.4
4.4
4.4
4.4
4.4
4.6
4.9
5.1
5.4
5.8
6.2
6.5
6.9
7.2
7.5
7.8
7.9
8.1
8.3
8.6
8.9
9.2
9.5
9.7
10.0
9.9
10.1
10.2
10.5
10.8
11.1
11.4
11.7
11.6
12.0
12.3
12.5
12.8
13.2
13.4
13.8
13.7
13.9
14.0
14.2
14.4
14.6
14.7
14.9
15.1
14.9
15.1
15.2
15.4
15.5
15.8
16.1
16.4
16.2
16.5
16.8
17.0
17.1
17.3
17.4
17.6
17.8
17.5
17.8
18.1
18.3
18.6
18.8
19.1
19.2
19.0
19.3
19.3
19.3
19.3
19.3
19.3
19.3
19.3
19.3
18.8
18.8
18.8
18.8
18.8
18.8
18.8
18.8
18.8
18.3
18.3
18.3
18.3
18.3
18.3
18.3
18.3
18.3
17.9
17.9
17.9
17.9
17.9
17.9
17.9
17.9
17.5
17.5
17.5
17.5
17.5
17.5
17.5
17.5
17.1
17.1
17.1
17.1
17.1
17.1
17.1
17.1
16.7
16.7
16.7
16.7
16.7
16.7
16.7
16.7
16.4
16.4
16.4
16.4
16.4
16.4
16.4
16.4
16.0
16.0
16.0
16.0
16.0
16.0
16.0
15.7
15.7
15.7
15.7
15.7
15.7
15.7
15.7
15.4
15.4
15.4
15.4
15.4
15.4
15.4
15.4
15.1
15.1
15.1
15.1
15.1
15.1
15.1
15.1
14.8
14.8
14.8
14.8
14.8
14.8
14.8
14.8
14.5
14.5
14.5
14.5
14.5
14.5
14.5
14.2
14.2
14.2